13739
13361
13729
13260
13184
13430
13192
13488
13347
13531
13946
13995
13592
13461
13925
13808
13470
13512
13628
13263
13126
13479
13282
13102
13937
13010
13750
13117
13693
13278
13538
13859
13377
13298
13296
13412
13433
13291
13907
13851
13725
13056
13890
13842
13472
13097
13348
13044
13142
13450
13719
13002
13760
13132
13584
13638
13197
13855
13964
13610
13399
13841
13785
13858
13883
13299
13405
13414
13204
13400
13140
13336
13045
13262
13822
13115
13659
13342
13062
13029
13798
13974
13247
13281
13060
13506
13624
13420
13535
13091
13843
13351
13009
13508
13078
13201
13773
13111
13646
13634
13199
13676
13726
13825
13190
13778
13909
13456
13124
13052
13459
13496
13067
13269
13458
13255
13788
13317
13715
13748
13544
13514
13413
13980
13941
13501
13876
13983
13966
13886
13594
13440
13666
13499
13545
13541
13206
13033
13265
13836
13938
13787
13193
13602
13774
13885
13772
13869
13003
13304
13325
13953
13431
13988
13234
13048
13498
13642
13318
13330
13505
13345
13249
13689
13200
13806
13868
13008
13664
13104
13141
13576
13986
13699
13598
13740
13071
13474
13026
13823
13927
13923
13025
13892
13700
13607
13054
13865
13457
13718
13559
13574
13217
13566
13900
13652
13764
13605
13949
13086
13432
13068
13766
13066
13090
13999
13801
13671
13940
13901
13908
13428
13972
13834
13503
13518
13011
13730
13510
13860
13753
13565
13242
13920
13273
13975
13316
13644
13099
13100
13573
13877
13471
13295
13614
13004
13967
13207
13460
13621
13300
13070
13857
13914
13630
13095
13663
13758
13213
13931
13647
13648
13926
13812
13899
13143
13716
13285
13370
13187
13422
13884
13917
13680
13371
13756
13833
13769
13936
13483
13188
13970
13380
13311
13878
13688
13637
13051
13874
13856
13185
13690
13055
13382
13587
13139
13875
13469
13749
13924
13542
13205
13903
13835
13486
13024
13706
13305
13922
13357
13167
13294
13752
13321
13254
13580
13526
13369
13312
13783
13268
13236
13490
13251
13359
13343
13686
13738
13958
13144
13603
13152
13987
13154
13539
13163
13423
13040
13495
13368
13241
13127
13916
13905
13597
13339
13238
13963
13462
13846
13560
13001
13162
13360
13245
13960
13327
13879
13128
13301
13747
13992
13253
13005
13448
13166
13394
13687
13379
13159
13517
13579
13284
13280
13722
13849
13742
13643
13507
13131
13256
13968
13582
13550
13092
13239
13438
13329
13827
13404
13895
13164
13041
13950
13981
13751
13786
13854
13939
13864
13832
13398
13323
13352
13322
13645
13962
13341
13365
13704
13334
13681
13113
13134
13639
13072
13600
13455
13674
13331
13372
13640
13354
13215
13746
13038
13985
13094
13765
13465
13085
13708
13037
13601
13627
13290
13944
13795
13776
13297
13555
13697
13196
13821
13714
13667
13965
13308
13657
13670
13761
13493
13608
13790
13669
13932
13660
13993
13777
13358
13961
13211
13109
13130
13784
13007
13882
13397
13222
13804
13525
13728
13402
13425
13947
13049
13694
13076
13911
13110
13695
13682
13731
13527
13227
13237
13355
13840
13340
13898
13381
13150
13548
13453
13367
13994
13789
13997
13366
13373
13392
13138
13326
13195
13494
13635
13552
13723
13266
13853
13893
13620
13826
13619
13902
13116
13569
13047
13231
13232
13277
13770
13583
13982
13156
13034
13768
13487
13562
13179
13406
13019
13149
13631
13016
13194
13309
13439
13114
13590
13319
13813
13586
13148
13796
13698
13523
13735
13943
13258
13707
14000
13039
13444
13604
13820
13816
13407
13283
13537
13984
13466
13755
13333
13119
13356
13017
13426
13809
13146
13121
13807
13528
13831
13157
13492
13632
13475
13244
13058
13805
13655
13811
13599
13848
13198
13933
13168
13363
13172
13880
13622
13344
13575
13955
13571
13588
13691
13482
13561
13395
13018
13129
13633
13226
13133
13160
13913
13656
13824
13218
13889
13378
13672
13408
13677
13863
13451
13257
13870
13120
13219
13872
13705
13411
13818
13513
13990
13042
13170
13454
13717
13957
13713
13609
13727
13375
13137
13153
13969
13473
13954
13979
13203
13829
13629
13122
13792
13270
13084
13595
13596
13020
13216
13332
13065
13485
13797
13668
13391
13636
13549
13520
13721
13169
13775
13250
13497
13521
13847
13006
13362
13557
13387
13427
13741
13896
13021
13733
13989
13615
13235
13279
13252
13732
13912
13464
13701
13665
13611
13158
13289
13678
13480
13435
13403
13683
13228
13186
13679
13303
13782
13035
13050
13105
13180
13973
13267
13147
13828
13976
13098
13511
13502
13014
13225
13744
13396
13151
13182
13491
13046
13022
13089
13230
13069
13335
13161
13991
13463
13449
13641
13585
13625
13684
13556
13191
13061
13165
13871
13551
13306
13921
13696
13522
13385
13276
13476
13894
13720
13558
13996
13862
13445
13709
13481
13314
13500
13519
13364
13447
13337
13757
13081
13887
13737
13734
13915
13264
13616
13125
13919
13712
13971
13202
13945
13942
13177
13424
13850
13530
13802
13524
13814
13059
13259
13593
13509
13393
13416
13928
13212
13589
13401
13563
13799
13240
13293
13389
13243
13030
13108
13572
13224
13417
13338
13661
13384
13762
13959
13623
13386
13819
13442
13553
13881
13324
13118
13441
13183
13145
13651
13780
13074
13534
13043
13649
13477
13246
13794
13181
13443
13287
13612
13852
13176
13261
13675
13079
13123
13673
13781
13468
13209
13419
13489
13415
13313
13171
13012
13075
13891
13328
13106
13711
13516
13107
13662
13221
13350
13536
13606
13532
13547
13087
13800
13613
13208
13210
13053
13302
13155
13581
13554
13376
13446
13286
13015
13112
13685
13421
13233
13658
13533
13866
13135
13754
13817
13779
13703
13653
13702
13346
13626
13564
13101
13904
13543
13743
13935
13437
13178
13529
13570
13567
13815
13082
13888
13504
13930
13288
13906
13845
13873
13315
13546
13452
13032
13383
13374
13214
13229
13088
13767
13803
13410
13952
13096
13307
13591
13028
13063
13998
13956
13409
13272
13838
13929
13077
13073
13310
13484
13810
13515
13771
13791
13540
13839
13654
13418
13867
13951
13763
13736
13692
13080
13724
13650
13174
13861
13023
13759
13292
13436
13173
13745
13175
13274
13918
13910
13977
13013
13027
13189
13568
13103
13220
13434
13830
13837
13093
13353
13390
13710
13577
13978
13275
13136
13617
13948
13271
13036
13388
13429
13934
13083
13031
13320
13478
13618
13793
13223
13467
13064
13578
13248
13897
13844
13349
13057
