4105
4032
4735
4727
4398
4163
4723
4701
4449
4982
4588
4470
4006
4244
4352
4024
4129
4871
4224
4933
4487
4280
4572
4196
4896
4204
4518
4043
4158
4415
4308
4942
4688
4799
4477
4840
4810
4569
4650
4953
4438
4446
4124
4666
4921
4615
4993
4211
4783
4673
4742
4103
4174
4433
4506
4185
4512
4363
4510
4660
4680
4648
4060
4147
4950
4485
4509
4934
4584
4260
4181
4545
4140
4864
4791
4149
4256
4694
4553
4431
4854
4670
4035
4705
4640
4166
4125
4084
4888
4108
4222
4835
4715
4258
4766
4112
4192
4139
4948
4422
4638
4367
4492
4802
4359
4153
4012
4309
4831
4378
4275
4451
4316
4111
4826
4130
4818
4058
4698
4966
4478
4984
4020
4201
4908
4765
4628
4026
4245
4508
4602
4907
4552
4532
4550
4595
4266
4231
4533
4566
4922
4425
4455
4332
4323
4911
4502
4327
4916
4160
4887
4956
4186
4273
4903
4241
4268
4600
4028
4983
4655
4209
4410
4313
4405
4289
4176
4126
4748
4491
4757
4947
4496
4860
4622
4079
4141
4590
4133
4128
4037
4435
4946
4395
4937
4053
4223
4521
4809
4894
4995
4343
4319
4617
4884
4109
4501
4096
4681
4832
4482
4154
4797
4459
4677
4739
4090
4609
4927
4814
4719
4643
4342
4803
4580
4901
4689
4546
4971
4756
4696
4329
4131
4997
4172
4052
4672
4636
4587
4943
4567
4530
4686
4003
4653
4388
4408
4481
4366
4732
4895
4515
4389
4649
4115
4560
4792
4069
4539
4656
4335
4754
4763
4577
4369
4985
4925
4795
4557
4428
4543
4726
4938
4787
4963
4479
4341
4411
4758
4304
4738
4591
4214
4118
4870
4641
4207
4824
4067
4046
4279
4136
4234
4330
4886
4817
4137
4646
4157
4230
4592
4044
4394
4238
4472
4614
4558
4010
4935
4988
4370
4225
4808
4413
4461
4874
4284
4373
4762
4254
4526
4634
4271
4235
4850
4541
4644
4674
4798
4086
4815
4586
4564
4331
4645
4713
4040
4462
4399
4691
4301
4030
4233
4184
4729
4852
4858
4626
4009
4780
4849
4869
4893
4068
4707
4076
4675
4257
4579
4400
4881
4594
4159
4307
4062
4682
4135
4328
4958
4494
4278
4972
4846
4969
4836
4356
4113
4305
4637
4909
4215
4089
4075
4198
4771
4876
4891
4504
4110
4941
4080
4880
4825
4500
4625
4038
4710
4085
4177
4955
4516
4603
4437
4659
4386
4740
4439
4773
4568
4054
4697
4314
4620
4036
4311
4899
4277
4728
4667
4599
4200
4924
4904
4830
4589
4107
4162
4741
4189
4098
4365
4027
4906
4182
4168
4022
4397
4812
4629
4915
4148
4499
4337
4702
4709
4229
4056
4764
4900
4633
4432
4585
4999
4095
4730
4066
4392
4387
4165
4816
4834
4326
4299
4562
4957
4427
4050
4087
4475
4042
4725
4106
4426
4384
4621
4401
4473
4320
4932
4021
4931
4851
4527
4117
4210
4444
4447
4146
4272
4785
4892
4142
4259
4683
4959
4199
4796
4267
4711
4321
4083
4376
4559
4859
4434
4986
4463
4863
4300
4355
4743
4421
4747
4114
4445
4353
4593
4138
4227
4786
4476
4372
4188
4979
4535
4700
4167
4679
4385
4290
4216
4576
4294
4471
4358
4391
4647
4155
4276
4842
4951
4005
4853
4692
4195
4861
4868
4265
4436
4450
4364
4246
4618
4017
4338
4315
4088
4910
4706
4453
4685
4857
4801
4926
4687
4077
4011
4529
4249
4610
4790
4183
4243
4429
4954
4551
4448
4844
4712
4845
4361
4072
4913
4862
4583
4806
4029
4767
4116
4250
4716
4226
4945
4255
4998
4556
4606
4489
4651
4678
4468
4820
4164
4194
4205
4939
4749
4912
4073
4736
4856
4041
4776
4734
4890
4092
4581
4175
4823
4989
4770
4480
4212
4221
4507
4091
4745
4611
4047
4161
4217
4004
4443
4295
4635
4949
4829
4057
4693
4483
4669
4782
4150
4596
4420
4978
4598
4495
4720
4872
4362
4843
4102
4202
4936
4695
4703
4248
4045
4612
4929
4178
4350
4292
4805
4652
4717
4347
4034
4396
4914
4007
4970
4298
4412
4302
4668
4807
4281
4563
4505
4082
4423
4274
4310
4714
4923
4841
4819
4520
4346
4262
4889
4865
4282
4608
4974
4980
4867
4547
4322
4018
4340
4811
4383
4379
4794
4490
4540
4070
4537
4033
4517
4296
4019
4977
4001
4419
4639
4737
4973
4544
4374
4573
4120
4101
4179
4750
4465
4414
4406
4804
4784
4049
4013
4930
4981
4920
4522
4774
4286
4312
4381
4464
4605
4519
4144
4074
4879
4051
4170
4582
4228
4354
4380
4497
4409
4882
4902
4992
4283
4662
4404
4511
4952
4607
4318
4247
4134
4288
4699
4751
4779
4525
4119
4213
4467
4474
4173
4251
4253
4014
4827
4733
4789
4015
4218
4122
4469
4718
4156
4624
4885
4484
4542
4208
4371
4661
4360
4919
4690
4866
4375
4488
4287
4357
4291
4642
4918
4190
4967
4193
4538
4236
4601
4847
4368
4676
4152
4775
4905
4962
4325
4613
4023
4151
4897
4424
4094
4071
4382
4348
4293
4839
4143
4722
4191
4554
4746
4994
4514
4093
4996
4990
4239
4788
4684
4813
4390
4821
4800
4623
4197
4220
4664
4297
4441
4285
4264
4875
4721
4753
4349
4761
4059
4855
4263
4833
4055
4345
4065
4873
4772
4440
4555
4206
4430
4575
4324
4334
4793
4416
4917
4123
4769
4145
4317
4838
4104
4187
4940
4418
4127
4063
4657
4099
4759
4498
4303
4524
4503
4561
4975
4121
4351
4877
4724
4631
4755
4654
4523
4132
4452
4630
4777
4048
4261
4064
4828
4578
4100
4460
4097
4039
4571
4061
4513
4486
4878
4752
4536
4570
4548
4658
4407
4393
4402
4768
4619
4671
4597
4169
4616
4417
4078
4016
4242
4457
4270
4704
4219
4965
4848
4898
4339
4744
4454
4760
4968
4237
4604
4961
4252
4031
4203
4377
4336
4837
4232
4081
4534
4731
4778
4574
4976
4306
4822
4627
4987
4528
4333
4531
4549
4171
4466
4456
4565
4002
5000
4944
4442
4964
4493
4008
4344
4458
4665
4269
4663
4180
4991
4632
4928
4781
4708
4883
4960
4403
4025
4240
