11854
11271
11881
11314
11742
11398
11931
11688
11291
11767
11425
11246
11277
11108
11707
11420
11985
11229
11621
11200
11597
11297
11093
11054
11830
11687
11451
11526
11166
11475
11078
11063
11068
11682
11879
11463
11395
11492
12000
11051
11313
11548
11294
11726
11887
11003
11084
11814
11573
11812
11961
11929
11662
11730
11630
11045
11849
11482
11002
11912
11240
11928
11138
11306
11921
11323
11992
11365
11656
11862
11983
11509
11201
11959
11414
11097
11796
11183
11161
11458
11298
11370
11555
11037
11586
11205
11538
11185
11028
11686
11273
11831
11800
11757
11453
11900
11241
11825
11092
11744
11117
11206
11729
11119
11280
11168
11469
11371
11082
11446
11203
11669
11146
11996
11163
11182
11048
11287
11546
11262
11208
11340
11775
11468
11704
11270
11461
11361
11559
11381
11694
11346
11141
11444
11358
11644
11219
11917
11520
11990
11843
11449
11674
11703
11207
11783
11103
11994
11565
11547
11698
11696
11676
11697
11886
11519
11777
11672
11875
11493
11543
11818
11860
11333
11551
11343
11210
11566
11473
11329
11123
11681
11924
11373
11247
11966
11599
11159
11209
11632
11409
11248
11440
11053
11941
11693
11614
11533
11275
11558
11269
11319
11443
11356
11913
11186
11195
11015
11827
11832
11844
11495
11564
11756
11889
11265
11167
11304
11939
11647
11164
11106
11915
11377
11158
11885
11253
11894
11121
11367
11540
11264
11374
11521
11079
11748
11801
11326
11058
11114
11946
11308
11258
11611
11935
11679
11465
11067
11115
11170
11799
11805
11522
11628
11847
11027
11072
11224
11005
11462
11794
11884
11259
11891
11098
11763
11126
11575
11267
11541
11746
11658
11802
11770
11007
11347
11680
11635
11893
11001
11022
11739
11527
11284
11456
11118
11715
11721
11581
11883
11617
11545
11568
11505
11056
11706
11136
11364
11602
11701
11997
11274
11999
11902
11905
11194
11956
11612
11030
11752
11803
11430
11057
11855
11062
11640
11416
11848
11861
11987
11234
11009
11829
11588
11139
11419
11439
11890
11102
11657
11390
11188
11901
11826
11869
11133
11363
11312
11452
11245
11642
11129
11993
11859
11653
11334
11503
11086
11406
11332
11556
11382
11337
11838
11795
11589
11735
11233
11143
11858
11569
11387
11663
11610
11923
11471
11609
11285
11804
11909
11690
11982
11806
11945
11622
11477
11066
11516
11692
11249
11822
11113
11032
11927
11034
11950
11643
11979
11561
11010
11104
11187
11012
11351
11579
11120
11991
11615
11695
11327
11937
11914
11088
11309
11759
11427
11263
11228
11090
11236
11292
11971
11867
11402
11470
11790
11553
11852
11498
11651
11502
11737
11244
11728
11155
11652
11823
11250
11731
11562
11316
11226
11792
11341
11910
11984
11965
11809
11132
11970
11412
11933
11738
11671
11944
11618
11536
11328
11903
11634
11392
11782
11060
11350
11152
11485
11134
11376
11876
11101
11385
11606
11691
11998
11781
11582
11128
11660
11432
11986
11567
11330
11955
11529
11600
11286
11768
11061
11873
11447
11320
11708
11457
11539
11580
11437
11408
11335
11584
11664
11442
11751
11951
11242
11080
11620
11962
11591
11148
11160
11732
11434
11952
11714
11074
11029
11747
11607
11405
11073
11626
11196
11670
11716
11648
11960
11733
11109
11659
11302
11429
11211
11650
11837
11389
11217
11318
11487
11368
11936
11162
11038
11574
11460
11189
11911
11019
11560
11949
11464
11357
11472
11616
11454
11535
11399
11872
11112
11587
11592
11366
11305
11713
11684
11140
11448
11661
11601
11705
11667
11497
11711
11762
11047
11279
11252
11531
11557
11431
11743
11181
11307
11315
11700
11784
11842
11846
11300
11197
11530
11278
11975
11411
11023
11362
11352
11655
11552
11124
11231
11583
11874
11256
11156
11972
11675
11421
11087
11544
11963
11044
11354
11736
11689
11380
11585
11833
11989
11169
11483
11192
11774
11018
11940
11339
11039
11214
11499
11896
11888
11702
11865
11646
11071
11554
11008
11932
11296
11627
11379
11604
11815
11076
11426
11441
11096
11666
11283
11665
11934
11359
11085
11619
11043
11388
11722
11524
11761
11035
11863
11764
11100
11510
11295
11225
11839
11907
11570
11004
11293
11765
11699
11549
11239
11807
11593
11488
11020
11967
11836
11981
11311
11853
11974
11542
11590
11476
11091
11142
11789
11798
11418
11467
11834
11052
11450
11064
11725
11922
11845
11608
11750
11631
11506
11384
11683
11484
11534
11877
11255
11866
11528
11372
11150
11957
11578
11712
11969
11491
11459
11947
11184
11238
11204
11232
11157
11864
11095
11212
11220
11490
11237
11513
11266
11776
11649
11740
11153
11021
11753
11299
11976
11673
11417
11755
11223
11572
11816
11017
11895
11769
11878
11378
11766
11089
11532
11577
11404
11324
11594
11026
11303
11065
11741
11724
11403
11489
11749
11760
11821
11953
11422
11355
11386
11668
11177
11868
11507
11116
11215
11504
11537
11474
11391
11779
11180
11336
11856
11717
11719
11349
11338
11423
11436
11396
11718
11077
11494
11709
11221
11598
11218
11424
11479
11819
11310
11908
11813
11480
11811
11820
11840
11677
11257
11920
11512
11880
11345
11069
11016
11942
11481
11433
11518
11636
11013
11898
11125
11571
11824
11042
11011
11958
11145
11261
11938
11025
11925
11099
11968
11835
11070
11040
11645
11081
11623
11517
11289
11637
11272
11603
11353
11851
11745
11613
11254
11049
11525
11178
11977
11290
11625
11500
11916
11654
11919
11179
11882
11375
11455
11260
11191
11954
11780
11199
11342
11633
11222
11127
11605
11105
11050
11251
11808
11175
11006
11771
11720
11415
11624
11435
11394
11281
11723
11639
11778
11413
11428
11988
11317
11198
11193
11772
11478
11348
11501
11785
11515
11149
11793
11216
11904
11137
11322
11174
11638
11014
11176
11276
11943
11734
11036
11595
11978
11758
11514
11301
11321
11111
11401
11710
11791
11797
11110
11202
11410
11151
11360
11213
11130
11897
11041
11031
11135
11980
11147
11144
11841
11871
11407
11165
11810
11235
11563
11024
11230
11754
11899
11173
11576
11496
11055
11107
11550
11400
11369
11850
11918
11033
11773
11331
11828
11171
11786
11995
11268
11930
11486
11154
11948
11678
11906
11641
11685
11445
11059
11596
11227
11172
11397
11325
11190
11393
11870
11243
11973
11964
11383
11122
11282
11508
11857
11288
11438
11083
11075
11094
11466
11511
11817
11629
11787
11131
11926
11344
11523
11788
11046
11892
11727
