22925
22607
22596
22721
22295
22903
22309
22359
22381
22920
22972
22319
22536
22938
22974
22553
22606
22311
22997
22116
22399
22695
22111
22196
22496
22709
22282
22293
22385
22051
22102
22743
22785
22070
22031
22769
22746
22726
22055
22284
22614
22279
22434
22868
22575
22684
22808
22126
22037
22269
22626
22922
22658
22843
22528
22353
22169
22028
22268
22776
22780
22765
22047
22223
22251
22736
22842
22912
22818
22092
22882
22414
22403
22582
22137
22437
22163
22519
22121
22915
22270
22151
22998
22511
22178
22288
22550
22924
22274
22803
22502
22233
22254
22834
22644
22783
22891
22744
22800
22409
22294
22967
22623
22595
22363
22810
22477
22064
22930
22632
22893
22054
22348
22564
22235
22135
22389
22657
22937
22680
22349
22157
22493
22897
22592
22844
22508
22531
22440
22222
22870
22753
22815
22846
22460
22203
22652
22764
22156
22452
22179
22474
22787
22565
22093
22663
22476
22481
22772
22249
22255
22589
22479
22889
22696
22513
22392
22177
22971
22710
22218
22475
22874
22365
22448
22732
22715
22809
22109
22572
22509
22361
22067
22162
22450
22627
22325
22160
22076
22489
22395
22610
22504
22310
22670
22209
22767
22754
22314
22237
22286
22745
22181
22267
22036
22961
22545
22604
22148
22266
22705
22823
22646
22949
22027
22805
22433
22799
22778
22694
22648
22374
22262
22376
22454
22625
22999
22019
22424
22541
22539
22898
22919
22979
22993
22953
22315
22741
22316
22992
22965
22165
22900
22865
22849
22896
22679
22362
22006
22738
22275
22601
22784
22041
22934
22682
22455
22708
22259
22342
22281
22263
22173
22371
22081
22750
22025
22814
22829
22981
22892
22245
22547
22084
22005
22408
22216
22918
22782
22048
22438
22078
22382
22420
22490
22580
22139
22206
22720
22755
22812
22457
22066
22214
22377
22205
22356
22861
22649
22593
22199
22412
22062
22090
22933
22872
22384
22976
22094
22905
22585
22885
22863
22020
22691
22451
22857
22104
22456
22082
22985
22672
22982
22686
22966
22779
22748
22334
22172
22046
22557
22879
22558
22983
22063
22887
22701
22574
22752
22147
22956
22923
22835
22180
22323
22016
22693
22129
22731
22742
22407
22642
22328
22261
22332
22280
22533
22641
22228
22184
22230
22836
22660
22665
22869
22004
22862
22052
22305
22766
22664
22088
22917
22826
22133
22725
22449
22308
22044
22176
22674
22131
22038
22859
22001
22357
22873
22283
22224
22792
22791
22991
22441
22527
22188
22816
22888
22929
22017
22023
22951
22499
22506
22960
22789
22774
22990
22373
22010
22244
22549
22486
22653
22909
22099
22360
22033
22419
22692
22229
22250
22472
22378
22278
22619
22994
22480
22932
22529
22770
22544
22959
22227
22867
22563
22622
22485
22444
22735
22548
22298
22059
22551
22204
22514
22559
22668
22045
22525
22952
22662
22914
22828
22292
22103
22242
22453
22963
22200
22170
22913
22688
22524
22801
22899
22406
22576
22072
22864
22276
22584
22717
22432
22711
22065
22797
22471
22344
22902
22009
22655
22908
22958
22146
22167
22296
22507
22018
22194
22100
22515
22510
22190
22989
22331
22153
22880
22651
22747
22542
22053
22811
22320
22941
22621
22581
22425
22850
22500
22950
22807
22535
22675
22777
22612
22613
22333
22187
22757
22931
22628
22928
22851
22555
22372
22702
22819
22473
22404
22134
22087
22247
22341
22238
22130
22817
22144
22260
22435
22537
22301
22878
22494
22910
22654
22656
22207
22522
22304
22793
22030
22397
22935
22943
22927
22351
22008
22396
22145
22318
22714
22024
22895
22418
22243
22212
22883
22391
22833
22566
22939
22669
22240
22413
22326
22091
22875
22085
22166
22554
22832
22217
22119
22366
22183
22729
22856
22132
22468
22253
22428
22430
22117
22089
22734
22578
22083
22239
22645
22602
22633
22355
22936
22273
22526
22608
22347
22241
22032
22530
22215
22761
22638
22561
22015
22599
22231
22211
22698
22461
22487
22562
22973
22866
22605
22335
22495
22042
22303
22246
22370
22011
22339
22410
22827
22532
22673
22611
22193
22321
22615
22733
22728
22831
22191
22307
22713
22570
22881
22029
22164
22759
22350
22368
22907
22724
22890
22035
22794
22061
22948
22573
22427
22637
22876
22417
22150
22853
22512
22498
22723
22707
22125
22388
22252
22505
22466
22291
22071
22112
22124
22591
22040
22436
22556
22106
22352
22113
22095
22699
22057
22336
22666
22013
22462
22159
22324
22788
22802
22161
22894
22074
22751
22840
22839
22446
22317
22975
22957
22060
22552
22630
22730
22756
22586
22369
22358
22685
22795
22995
22393
22921
22716
22236
23000
22847
22075
22824
22056
22306
22158
22337
22049
22014
22845
22940
22763
22098
22154
22400
22620
22401
22068
22901
22871
22944
22762
22947
22069
22478
22609
22398
22225
22718
22571
22123
22390
22464
22624
22463
22271
22345
22086
22431
22603
22980
22026
22579
22820
22256
22484
22458
22299
22858
22996
22616
22771
22340
22969
22142
22946
22007
22277
22118
22402
22201
22955
22039
22740
22667
22115
22594
22521
22517
22501
22265
22884
22690
22911
22482
22285
22364
22886
22852
22970
22122
22210
22439
22258
22546
22588
22079
22617
22841
22962
22174
22825
22195
22043
22327
22297
22543
22289
22149
22257
22978
22758
22136
22264
22659
22916
22492
22442
22105
22192
22459
22185
22421
22491
22101
22219
22232
22587
22198
22635
22968
22516
22182
22234
22127
22469
22415
22208
22155
22781
22600
22140
22822
22775
22677
22647
22798
22984
22168
22073
22128
22520
22097
22141
22681
22639
22987
22986
22411
22790
22226
22703
22737
22272
22467
22706
22727
22988
22631
22518
22416
22618
22768
22636
22700
22634
22329
22290
22171
22643
22405
22287
22534
22964
22422
22354
22597
22640
22904
22313
22678
22650
22202
22143
22443
22954
22387
22022
22338
22540
22661
22465
22804
22197
22568
22213
22560
22058
22379
22848
22697
22108
22380
22671
22854
22012
22445
22583
22821
22786
22300
22220
22050
22712
22813
22926
22080
22773
22423
22107
22683
22447
22942
22470
22830
22034
22114
22629
22598
22346
22945
22003
22429
22739
22796
22567
22687
22503
22590
22749
22186
22877
22689
22837
22860
22330
22538
22221
22096
22483
22577
22386
22343
22375
22806
22189
22497
22569
22676
22906
22138
22312
22855
22977
22110
22248
22021
22488
22302
22152
22383
22719
22077
22760
22838
22367
22175
22704
22426
22120
22394
22722
22002
22523
22322
