12310
12356
12616
12612
12768
12661
12031
12771
12222
12873
12811
12136
12267
12911
12965
12769
12361
12684
12028
12928
12390
12630
12112
12626
12159
12725
12199
12417
12760
12220
12263
12799
12502
12791
12412
12856
12313
12073
12369
12264
12275
12171
12664
12070
12859
12902
12588
12188
12303
12562
12419
12286
12306
12359
12465
12598
12727
12448
12592
12851
12518
12040
12723
12273
12163
12595
12123
12637
12826
12580
12923
12291
12539
12079
12056
12088
12353
12998
12993
12187
12471
12705
12226
12818
12135
12334
12603
12420
12619
12717
12602
12871
12753
12863
12296
12601
12847
12823
12567
12325
12301
12553
12107
12045
12157
12276
12451
12479
12963
12373
12535
12480
12211
12970
12707
12653
12577
12255
12113
12792
12109
12699
12366
12089
12416
12599
12060
12239
12512
12662
12277
12956
12147
12386
12338
12901
12399
12452
12744
12376
12458
12594
12522
12156
12288
12137
12718
12375
12297
12110
12231
12876
12141
12262
12526
12461
12014
12454
12606
12246
12774
12170
12054
12541
12193
12047
12063
12740
12347
12476
12081
12884
12937
12396
12129
12183
12298
12435
12405
12568
12591
12839
12981
12713
12883
12620
12858
12692
12686
12991
12916
12218
12486
12433
12046
12108
12520
12813
12919
12659
12827
12706
12639
12691
12934
12762
12870
12680
12468
12891
12230
12382
12694
12091
12331
12164
12925
12090
12158
12967
12022
12724
12082
12312
12106
12778
12378
12651
12212
12205
12076
12260
12538
12268
12555
12757
12514
12350
12132
12279
12011
12647
12133
12290
12789
12304
12172
12952
12281
12191
12546
12324
12581
12787
12875
12006
12316
12668
12256
12061
12739
12621
12411
12722
12926
12737
12340
12344
12447
12075
12611
12414
12124
12309
12410
12155
12550
12561
12428
12973
12957
12609
12406
12012
12005
12974
12439
12300
12017
12948
12834
12245
12608
12062
12330
12563
12485
12424
12250
12810
12800
12531
12979
12466
12844
12219
12217
12085
12795
12436
12513
12153
12151
12877
12755
12783
12890
12311
12305
12225
12525
12742
12745
12893
12467
12484
12261
12793
12401
12746
12788
12346
12362
12837
12511
12456
12997
12961
12143
12738
12803
12999
12852
12857
12892
12323
12214
12402
12962
12019
12894
12833
12499
12093
12597
12734
12192
12689
12068
12631
12367
12560
12432
12802
12321
12071
12779
12257
12120
12941
12773
12840
12391
12715
12733
12118
12752
12057
12886
12676
12475
12987
12287
12010
12251
12430
12283
12565
12627
12186
12807
12492
12227
12182
12908
12704
12481
12272
12955
12329
12395
12349
12775
12168
12403
12992
12413
12437
12720
12666
12269
12127
12980
12960
12293
12102
12152
12898
12229
12459
12544
12007
12927
12181
12540
12618
12125
12983
12482
12700
12506
12254
12719
12693
12307
12274
12868
12052
12770
12114
12915
12605
12533
12617
12126
12558
12790
12252
12776
12809
12766
12678
12854
12945
12117
12050
12995
12944
12946
12721
12498
12648
12315
12497
12596
12848
12146
12379
12763
12551
12294
12501
12078
12607
12816
12982
12521
12846
12797
12507
12174
12377
12314
12319
12796
12438
12080
12867
12652
12978
12574
12751
12131
12100
12758
12160
12904
12478
12381
12444
12238
12470
12150
12508
12685
12869
12203
12282
12632
12337
12642
12843
12053
12657
12900
12566
12794
12317
12122
12587
12732
12924
12633
12912
12708
12024
12434
12440
12761
12505
12629
12825
12712
12051
12235
12821
12184
12083
12213
12831
12139
12556
12935
12780
12756
12035
12101
12747
12604
12986
12201
12134
12138
12570
12105
12989
12519
12777
12959
12096
12781
12495
12059
12672
12855
12509
12835
12569
12510
12443
12649
12636
12817
12644
12001
12990
12292
12920
12726
12407
12013
12426
12610
12906
12210
12374
12280
12016
12504
12258
12425
12765
12142
12271
12469
12874
12036
12600
12023
12095
12328
12710
12882
12072
12658
12641
12866
12489
12333
12940
12585
12889
12121
12822
12628
12850
12025
12449
12842
12278
12299
12711
12730
12008
12975
12804
12342
12370
12625
12536
12221
12144
12977
12861
12584
12004
12849
12968
12784
12864
12860
12496
12423
12104
12731
12180
12798
12571
12111
12223
12115
12358
12130
12092
12697
12473
12939
12224
12460
12907
12394
12363
12409
12853
12951
12345
12913
12681
12173
12243
12549
12921
12929
12388
12829
12020
12583
12154
12814
12578
12996
12564
12397
12355
12387
12655
12477
12932
12949
12523
12494
12930
12698
12880
12488
12554
12149
12785
12354
12055
12195
12446
12524
12964
12966
12917
12670
12161
12284
12427
12865
12026
12759
12931
12351
12162
12380
12247
12682
12086
12716
12593
12812
12148
12472
12408
12034
12215
12421
12808
12862
12069
12336
12741
12383
12909
12985
12695
12552
12232
12881
12878
12415
12236
12241
12204
12820
12253
12242
12234
12714
12464
12534
12832
12786
12228
12645
12145
12888
12029
12938
12897
12735
12517
12772
12240
12887
12729
12167
12687
12634
13000
12754
12830
12895
12285
12067
12899
12348
12039
12368
12532
12207
12903
12748
12679
12119
12371
12487
12872
12969
12128
12529
12764
12736
12208
12065
12431
12590
12335
12701
12103
12289
12393
12197
12084
12782
12805
12389
12579
12244
12422
12503
12087
12038
12709
12176
12838
12042
12671
12041
12743
12018
12474
12836
12190
12557
12675
12547
12614
12490
12667
12058
12032
12077
12943
12530
12009
12385
12896
12545
12453
12392
12352
12030
12515
12674
12815
12441
12749
12750
12728
12954
12165
12450
12824
12640
12677
12322
12953
12650
12910
12166
12615
12002
12622
12586
12971
12033
12972
12332
12933
12656
12516
12097
12669
12958
12559
12994
12185
12116
12589
12175
12548
12249
12573
12049
12037
12400
12044
12015
12635
12209
12984
12308
12043
12528
12266
12295
12048
12646
12094
12663
12200
12702
12365
12237
12918
12384
12198
12003
12922
12179
12445
12841
12703
12233
12575
12455
12683
12265
12189
12845
12194
12576
12988
12537
12372
12462
12463
12327
12360
12021
12690
12976
12169
12950
12364
12066
12302
12638
12885
12624
12177
12064
12099
12320
12806
12027
12654
12688
12418
12206
12819
12942
12074
12202
12140
12216
12879
12339
12543
12404
12696
12542
12527
12613
12493
12947
12343
12660
12098
12259
12457
12318
12398
12483
12828
12936
12673
12178
12905
12914
12442
12270
12341
12665
12196
12801
12429
12500
12623
12572
12491
12357
12582
12767
12248
12643
12326
