25288
25897
25207
25273
25153
25335
25499
25749
25420
25865
25935
25622
25233
25424
25697
25595
25746
25619
25518
25763
25490
25884
25185
25871
25737
25885
25310
25462
25497
25351
25006
25840
25685
25292
25651
25980
25659
25680
25946
25593
25581
25189
25579
25492
25264
25141
25442
25834
25339
25287
25031
25240
25633
25243
25316
25873
25168
25648
25365
25027
25528
25122
25759
25513
25144
25918
25067
25712
25370
25474
25503
25924
25672
25803
25389
25734
25121
25052
25340
25104
25829
25753
25368
25313
25923
25703
25681
25324
25247
25588
25916
25632
25664
25598
25084
25042
25754
25136
25363
25654
25881
25299
25192
25381
25576
25156
25209
25472
25417
25088
25344
25093
25016
25334
25743
25254
25115
25235
25085
25120
25408
25718
25029
25250
25567
25294
25374
25592
25830
25727
25584
25166
25425
25792
25977
25706
25215
25728
25525
25201
25222
25604
25482
25322
25969
25974
25092
25992
25807
25326
25008
25591
25471
25666
25990
25972
25087
25053
25361
25454
25412
25890
25511
25729
25037
25440
25950
25329
25582
25456
25542
26000
25009
25602
25070
25278
25449
25291
25952
25674
25304
25553
25501
25739
25527
25130
25557
25255
25835
25531
25970
25658
25486
25655
25536
25956
25124
25751
25535
25475
25392
25258
25723
25346
25465
25001
25391
25232
25430
25272
25359
25507
25426
25878
25320
25103
25852
25479
25151
25097
25813
25231
25617
25731
25767
25113
25562
25184
25859
25756
25251
25640
25498
25059
25833
25050
25433
25537
25889
25686
25875
25748
25388
25111
25112
25612
25277
25981
25618
25510
25931
25857
25687
25252
25073
25333
25768
25630
25423
25187
25432
25057
25453
25081
25197
25371
25318
25606
25880
25165
25573
25301
25386
25056
25979
25893
25558
25613
25709
25903
25589
25643
25614
25047
25637
25668
25836
25652
25986
25922
25700
25811
25663
25870
25900
25929
25328
25993
25530
25106
25350
25107
25030
25079
25577
25051
25063
25338
25132
25045
25126
25998
25516
25611
25018
25863
25145
25585
25555
25636
25032
25780
25798
25691
25572
25548
25925
25583
25393
25571
25597
25609
25667
25912
25086
25827
25575
25953
25744
25960
25771
25163
25090
25080
25470
25930
25133
25148
25376
25717
25532
25899
25631
25211
25816
25724
25757
25466
25520
25704
25191
25839
25887
25036
25823
25494
25271
25677
25387
25216
25711
25164
25698
25438
25715
25915
25100
25035
25076
25660
25448
25306
25060
25985
25692
25023
25615
25225
25847
25274
25799
25856
25337
25804
25309
25019
25012
25714
25220
25421
25179
25911
25195
25375
25044
25928
25007
25578
25469
25154
25883
25317
25069
25955
25411
25989
25906
25284
25896
25662
25964
25267
25695
25790
25791
25239
25774
25089
25321
25325
25372
25269
25459
25958
25959
25770
25831
25323
25480
25642
25261
25094
25675
25512
25360
25296
25354
25476
25065
25199
25543
25566
25102
25888
25962
25046
25904
25761
25601
25509
25418
25263
25467
25669
25206
25373
25441
25699
25657
25523
25616
25647
25048
25259
25487
25608
25554
25428
25170
25736
25140
25991
25996
25942
25818
25976
25451
25951
25461
25401
25348
25850
25155
25624
25671
25409
25311
25312
25473
25362
25722
25280
25610
25077
25342
25114
25477
25967
25994
25400
25108
25210
25782
25538
25837
25826
25134
25860
25142
25560
25682
25808
25218
25347
25547
25898
25678
25825
25055
25546
25629
25281
25563
25540
25940
25781
25765
25821
25116
25345
25843
25694
25679
25869
25784
25017
25298
25607
25740
25895
25455
25766
25855
25832
25934
25957
25117
25777
25200
25961
25041
25710
25307
25762
25162
25936
25002
25949
25305
25357
25188
25125
25204
25794
25198
25902
25854
25099
25246
25550
25517
25355
25276
25458
25775
25716
25223
25564
25937
25569
25621
25105
25410
25395
25414
25626
25181
25650
25167
25131
25973
25646
25552
25109
25186
25483
25634
25025
25801
25152
25159
25270
25997
25862
25014
25463
25987
25244
25095
25594
25249
25193
25289
25450
25245
25241
25178
25627
25522
25725
25732
25110
25174
25054
25909
25297
25268
25118
25257
25217
25556
25858
25892
25202
25708
25701
25439
25308
25402
25796
25489
25293
25809
25194
25544
25138
25519
25814
25300
25901
25219
25605
25128
25248
25341
25625
25405
25508
25282
25398
25866
25444
25478
25061
25173
25773
25242
25641
25380
25747
25587
25227
25933
25369
25049
25561
25075
25149
25515
25101
25721
25098
25559
25429
25786
25526
25927
25824
25719
25920
25413
25926
25644
25005
25635
25665
25551
25565
25845
25147
25464
25234
25779
25139
25415
25705
25379
25917
25689
25172
25332
25183
25789
25327
25995
25384
25524
25907
25068
25805
25137
25396
25932
25083
25091
25819
25919
25966
25237
25072
25599
25397
25882
25436
25158
25285
25514
25445
25330
25033
25435
25726
25331
25452
25690
25403
25078
25787
25545
25947
25160
25157
25733
25358
25256
25343
25034
25500
25730
25169
25214
25867
25190
25783
25580
25549
25262
25224
25764
25645
25011
25891
25707
25939
25394
25404
25366
25984
25446
25596
25693
25841
25460
25638
25628
25028
25066
25399
25457
25502
25382
25504
25817
25800
25623
25013
25910
25745
25755
25806
25971
25434
25485
25043
25521
25182
25868
25406
25603
25488
25797
25539
25812
25586
25788
25427
25983
25484
25872
25383
25886
25203
25683
25876
25419
25021
25810
25506
25921
25175
25364
25534
25443
25600
25491
25656
25024
25769
25228
25150
25481
25948
25437
25496
25022
25314
25378
25828
25127
25908
25208
25367
25064
25275
25793
25353
25377
25853
25844
25533
25283
25319
25968
25978
25649
25913
25752
25238
25123
25447
25431
25776
25670
25161
25468
25015
25864
25965
25673
25352
25846
25848
25696
25040
25815
25861
25315
25390
25004
25684
25713
25205
25838
25639
25135
25062
25505
25236
25385
25874
25336
25975
25096
25058
25879
25590
25253
25945
25778
25570
25653
25119
25914
25758
25574
25851
25026
25020
25750
25286
25129
25999
25196
25074
25822
25303
25176
25954
25302
25795
25720
25741
25735
25039
25038
25003
25171
25290
25877
25146
25221
25963
25143
25988
25943
25010
25760
25226
25180
25071
25938
25407
25661
25820
25177
25416
25620
25541
25702
25894
25742
25356
25676
25941
25265
25842
25495
25568
25785
25422
25082
25944
25802
25905
25772
25529
25349
25688
25266
25229
25493
25230
25212
25849
25295
25260
25982
25738
25279
25213
