2105
2970
2502
2348
2805
2590
2879
2375
2074
2172
2356
2494
2484
2500
2352
2745
2094
2088
2963
2628
2823
2446
2123
2597
2641
2784
2077
2194
2598
2448
2102
2719
2354
2503
2828
2498
2713
2760
2305
2232
2676
2659
2514
2216
2727
2923
2416
2016
2330
2860
2003
2915
2073
2251
2291
2374
2109
2110
2085
2888
2527
2124
2268
2160
2872
2195
2211
2048
2589
2798
2272
2405
2675
2086
2539
2187
2640
2677
2049
2912
2370
2794
2292
2012
2263
2528
2518
2183
2306
2943
2788
2980
2682
2071
2395
2558
2950
2283
2552
2873
2271
2004
2567
2531
2951
2972
2175
2328
2080
2367
2548
2613
2905
2388
2039
2986
2287
2493
2510
2276
2985
2303
2014
2027
2455
2785
2630
2076
2956
2626
2209
2899
2478
2580
2290
2774
2555
2137
2911
2286
2436
2310
2652
2907
2471
2903
2523
2239
2600
2680
2749
2128
2113
2177
2671
2485
2325
2081
2622
2973
2936
2473
2554
2098
2151
2783
2337
2723
2302
2381
2294
2801
2301
2064
2814
2313
2803
2246
2721
2490
2550
2726
2799
2685
2811
2537
2795
2472
2707
2032
2144
2610
2196
2218
2097
2790
2765
2001
2426
2576
2695
2917
2133
2399
2057
2427
2415
2125
2520
2165
2852
2586
2666
2379
2821
2800
2130
2247
2035
2540
2916
2710
2378
2487
2418
2982
2464
2083
2204
2338
2044
2673
2322
2226
2495
2228
2492
2391
2193
2331
2293
2688
2519
2762
2647
2332
2297
2940
2050
2844
2202
2241
2755
2979
2142
2390
2038
2279
2243
2756
2894
2906
2134
2563
2408
2824
2861
2108
2233
2892
2667
2971
2146
2501
2008
2461
2559
2238
2989
2072
2496
2053
2314
2809
2717
2424
2463
2771
2870
2506
2846
2578
2748
2620
2060
2362
2747
2452
2877
2126
2069
2024
2967
2999
2964
2406
2816
2025
2817
2508
2148
2169
2644
2385
2013
2295
2129
2661
2504
2583
2922
2440
2769
2672
2198
2181
2827
2414
2058
2393
2564
2901
2065
2334
2849
2704
2544
2904
2278
2822
2524
2674
2479
2200
2190
2560
2323
2938
2274
2056
2203
2968
2992
2091
2843
2525
2591
2632
2581
2327
2759
2574
2874
2267
2612
2250
2116
2614
2429
2825
2607
2231
2491
2392
2364
2655
2557
2457
2708
2932
2371
2430
2757
2724
2400
2481
2902
2577
2867
2642
2007
2515
2022
2089
2732
2863
2546
2161
2319
2738
2665
2475
2078
2802
2176
2075
2900
2199
2920
2488
2733
2883
2090
2208
2235
2341
2571
2806
2451
2149
2603
2687
2497
2526
2928
2444
2776
2480
2545
2812
2934
2509
2848
2834
2841
2712
2512
2810
2132
2858
2818
2957
2684
2856
2168
2669
2311
2365
2517
2026
2664
2772
2702
2100
2813
2836
2079
2308
2913
2084
2534
2043
2244
2789
2343
2156
2536
2010
2777
2002
2752
2896
2793
2565
2221
2205
2961
2281
2040
2987
2270
2706
2351
2910
2041
2135
2439
2307
2763
2483
2634
2909
2881
2842
2796
2092
2255
2866
2570
2170
2683
2421
2397
2394
2140
2466
2413
2595
2449
2256
2551
2248
2213
2882
2453
2587
2174
2037
2572
2880
2668
2898
2435
2694
2859
2573
2145
2781
2663
2258
2948
2750
2722
2227
3000
2410
2412
2782
2623
2179
2737
2486
2895
2112
2350
2420
2718
2158
2121
2443
2383
2264
2638
2363
2886
2346
2753
2592
2633
2462
2131
2425
2678
2249
2141
2423
2966
2553
2082
2908
2067
2734
2265
2845
2851
2947
2257
2122
2266
2055
2839
2317
2398
2876
2186
2474
2862
2020
2386
2643
2593
2220
2855
2389
2115
2316
2926
2499
2182
2857
2459
2629
2157
2740
2401
2511
2547
2021
2887
2797
2960
2409
2648
2890
2654
2619
2107
2991
2690
2178
2489
2028
2299
2720
2106
2775
2569
2983
2117
2217
2366
2984
2729
2637
2407
2944
2594
2188
2445
2832
2236
2387
2450
2792
2914
2477
2689
2260
2829
2681
2919
2052
2625
2403
2605
2335
2347
2185
2465
2224
2826
2609
2380
2242
2835
2340
2931
2761
2975
2015
2739
2045
2046
2011
2653
2921
2692
2150
2036
2505
2312
2549
2995
2929
2744
2751
2871
2070
2766
2635
2447
2096
2930
2127
2604
2051
2382
2318
2566
2965
2791
2703
2521
2864
2937
2996
2329
2434
2103
2402
2143
2939
2159
2288
2868
2034
2847
2300
2284
2885
2326
2955
2298
2698
2197
2467
2606
2918
2538
2942
2833
2869
2507
2786
2535
2396
2645
2404
2993
2285
2621
2433
2411
2709
2959
2240
2428
2624
2730
2949
2962
2697
2377
2101
2773
2361
2437
2030
2118
2358
2033
2215
2139
2977
2201
2189
2715
2417
2184
2214
2891
2339
2469
2219
2741
2376
2357
2541
2616
2018
2468
2234
2658
2282
2529
2229
2153
2854
2617
2758
2865
2657
2368
2728
2066
2136
2222
2147
2596
2017
2154
2601
2206
2838
2893
2355
2304
2662
2138
2460
2454
2696
2273
2542
2104
2432
2819
2253
2768
2651
2191
2359
2700
2556
2047
2608
2167
2223
2369
2582
2054
2324
2230
2269
2384
2897
2482
2878
2656
2252
2458
2031
2615
2095
2042
2277
2618
2953
2746
2599
2344
2225
2579
2731
2639
2245
2976
2994
2261
2320
2321
2023
2173
2532
2212
2568
2422
2807
2431
2840
2533
2155
2561
2207
2093
2349
2946
2164
2978
2419
2990
2742
2679
2670
2981
2059
2925
2019
2701
2353
2924
2345
2254
2649
2830
2588
2470
2009
2522
2770
2889
2275
2705
2180
2875
2513
2736
2778
2166
2974
2831
2005
2114
2456
2333
2584
2360
2627
2562
2575
2787
2808
2029
2735
2530
2543
2210
2171
2998
2262
2660
2296
2711
2952
2372
2120
2315
2192
2280
2309
2611
2259
2152
2945
2006
2516
2686
2691
2061
2087
2780
2119
2476
2631
2162
2804
2163
2714
2954
2958
2927
2062
2373
2853
2988
2442
2699
2289
2779
2997
2820
2237
2585
2767
2336
2636
2743
2933
2099
2342
2837
2725
2602
2815
2650
2111
2716
2884
2941
2764
2754
2693
2441
2438
2969
2850
2068
2646
2063
2935
