23435
23108
23463
23916
23429
23810
23686
23834
23539
23541
23821
23052
23990
23262
23971
23671
23256
23401
23507
23984
23453
23350
23715
23348
23403
23510
23009
23189
23865
23943
23068
23092
23664
23149
23276
23331
23704
23315
23511
23751
23771
23813
23103
23863
23433
23383
23101
23535
23031
23498
23612
23056
23672
23995
23846
23036
23078
23010
23663
23642
23523
23218
23713
23193
23973
23783
23336
23662
23643
23255
23805
23944
23877
23395
23547
23372
23058
23432
23452
23040
23741
23688
23694
23812
23285
23677
23808
23593
23152
23371
23140
23617
23729
23548
23980
23597
23876
23698
23369
23814
23598
23163
23910
23787
23195
23994
23242
23264
23564
23279
23497
23804
23373
23321
23325
23353
23871
23378
23920
23268
23807
23308
23131
23194
23166
23302
23109
23260
23656
23763
23172
23957
23141
23263
23640
23882
23257
23625
23789
23400
23567
23521
23033
23059
23138
23925
23929
23359
23516
23161
23588
23646
23634
23252
23555
23159
23979
23165
23377
23005
23827
23504
23940
23319
23375
23291
23027
23288
23164
23292
23843
23127
23587
23095
23191
23251
23050
23343
23118
23658
23196
23277
23246
23216
23624
23126
23330
23902
23011
23748
23168
23591
23935
23147
23106
23835
23148
23614
23718
23997
23249
23188
23119
23799
23162
23421
23228
23850
23908
23051
23064
23114
23417
23581
23176
23869
23844
23796
23415
23684
23533
23824
23872
23029
23590
23132
23922
23764
23465
23881
23632
23553
23560
23457
23853
23855
23596
23012
23589
23089
23060
23492
23481
23709
23815
23631
23568
23173
23647
23559
23522
23993
23464
23387
23008
23788
23305
23295
23150
23823
23392
23784
23622
23515
23428
23004
23259
23278
23317
23762
23551
23575
23084
23970
23967
23351
23214
23338
23578
23186
23245
23774
23363
23931
23205
23728
23695
23701
23275
23558
23779
23958
23942
23705
23775
24000
23859
23028
23124
23883
23439
23345
23130
23081
23267
23860
23778
23538
23947
23139
23414
23954
23527
23936
23386
23976
23526
23300
23438
23020
23362
23759
23327
23595
23629
23975
23207
23320
23809
23318
23477
23455
23030
23745
23818
23923
23079
23754
23014
23073
23296
23071
23620
23615
23577
23772
23282
23390
23290
23793
23666
23712
23819
23891
23468
23460
23239
23630
23299
23685
23085
23167
23519
23755
23968
23659
23346
23376
23635
23864
23478
23599
23720
23717
23765
23822
23557
23987
23374
23761
23055
23240
23232
23379
23054
23738
23436
23536
23982
23602
23120
23746
23413
23171
23792
23801
23102
23594
23693
23310
23080
23703
23241
23496
23459
23888
23682
23670
23342
23866
23411
23418
23649
23128
23253
23874
23440
23110
23845
23204
23209
23049
23286
23998
23448
23160
23304
23471
23702
23550
23928
23062
23198
23918
23785
23423
23639
23777
23258
23045
23221
23837
23509
23854
23397
23443
23977
23669
23959
23502
23237
23926
23493
23495
23699
23178
23758
23201
23734
23961
23621
23934
23212
23469
23234
23034
23156
23650
23544
23301
23932
23887
23476
23678
23842
23690
23697
23231
23914
23272
23727
23601
23470
23352
23177
23689
23123
23057
23841
23660
23091
23450
23917
23344
23169
23041
23266
23445
23419
23896
23024
23924
23584
23628
23466
23235
23431
23706
23311
23573
23473
23074
23963
23610
23223
23852
23312
23875
23653
23125
23506
23892
23063
23561
23238
23211
23806
23907
23213
23491
23181
23358
23655
23512
23606
23069
23909
23969
23501
23354
23903
23381
23933
23974
23832
23233
23265
23082
23243
23569
23549
23408
23044
23949
23061
23800
23899
23284
23524
23626
23613
23667
23714
23537
23600
23122
23644
23767
23039
23151
23090
23791
23486
23505
23100
23708
23856
23939
23797
23197
23858
23441
23645
23811
23046
23829
23115
23489
23340
23897
23565
23406
23018
23025
23367
23099
23849
23514
23335
23324
23723
23220
23552
23545
23269
23137
23250
23013
23307
23309
23795
23396
23691
23183
23878
23885
23582
23794
23002
23988
23394
23986
23075
23326
23219
23094
23710
23737
23254
23107
23749
23840
23437
23915
23739
23964
23921
23616
23570
23180
23989
23322
23898
23692
23696
23962
23991
23661
23248
23826
23341
23047
23905
23333
23722
23802
23906
23393
23766
23750
23037
23329
23236
23978
23289
23517
23035
23155
23334
23911
23833
23938
23019
23618
23097
23638
23175
23781
23026
23945
23273
23571
23283
23096
23623
23281
23388
23525
23637
23683
23868
23674
23244
23839
23391
23566
23410
23592
23950
23960
23641
23879
23382
23407
23217
23603
23719
23306
23742
23116
23608
23105
23202
23298
23203
23270
23609
23873
23830
23187
23803
23366
23182
23483
23780
23065
23676
23554
23349
23135
23487
23461
23076
23389
23730
23475
23053
23956
23467
23409
23556
23817
23384
23113
23361
23586
23889
23786
23862
23355
23530
23303
23848
23657
23904
23503
23494
23271
23426
23398
23337
23224
23482
23297
23611
23456
23023
23648
23941
23636
23716
23480
23820
23043
23446
23001
23444
23531
23038
23328
23280
23605
23021
23368
23488
23736
23142
23633
23930
23210
23422
23760
23117
23072
23838
23158
23576
23007
23316
23972
23143
23323
23953
23731
23870
23996
23225
23707
23981
23828
23520
23913
23229
23208
23206
23133
23157
23562
23066
23757
23077
23454
23067
23894
23673
23185
23451
23700
23725
23782
23192
23313
23985
23893
23174
23951
23405
23627
23430
23948
23500
23867
23145
23851
23740
23200
23146
23427
23294
23532
23006
23190
23724
23513
23339
23153
23540
23088
23424
23490
23752
23364
23434
23776
23332
23580
23756
23380
23886
23534
23652
23170
23770
23129
23721
23098
23247
23983
23370
23104
23768
23880
23668
23900
23679
23543
23484
23086
23442
23733
23831
23884
23574
23402
23399
23420
23585
23449
23199
23744
23356
23992
23042
23735
23681
23227
23747
23385
23154
23474
23927
23769
23048
23895
23607
23966
23111
23563
23890
23952
23508
23230
23583
23836
23604
23017
23965
23790
23357
23184
23222
23121
23999
23365
23087
23412
23274
23479
23912
23773
23003
23226
23651
23287
23215
23314
23955
23261
23447
23093
23293
23404
23528
23425
23711
23857
23847
23083
23136
23753
23546
23416
23529
23022
23572
23179
23485
23518
23458
23619
23112
23462
23732
23743
23665
23360
23861
23134
23798
23825
23937
23472
23016
23579
23032
23144
23675
23687
23919
23901
23015
23816
23347
23542
23499
23654
23946
23726
23070
23680
