1935
1732
1790
1331
1516
1996
1571
1662
1175
1681
1139
1426
1471
1785
1825
1838
1193
1199
1405
1278
1698
1113
1574
1151
1511
1120
1775
1880
1646
1884
1018
1451
1906
1171
1431
1092
1683
1668
1983
1518
1137
1985
1962
1343
1030
1350
1967
1950
1392
1817
1848
1807
1752
1570
1547
1512
1754
1345
1344
1449
1540
1581
1507
1984
1479
1279
1948
1669
1879
1577
1789
1812
1144
1596
1890
1031
1554
1040
1667
1729
1869
1738
1953
1931
1049
1338
1972
1857
1940
1162
1607
1555
1086
1994
1611
1128
1978
1819
1530
1774
1675
1620
1537
1721
1912
1395
1766
1888
1881
1337
1864
1492
1383
1299
1222
1872
1046
1065
1308
1498
1133
1508
1027
1196
1282
1592
1971
1114
1560
1038
1892
1326
1183
1473
1318
1005
1215
1470
1227
1586
1192
1235
1859
1028
1333
1584
1123
1645
1744
1459
1887
1658
1526
1904
1999
1013
1218
1166
1924
1021
1735
1111
1003
1832
1287
1050
1975
1356
1749
1458
1290
1532
1794
1312
1371
1992
1394
1125
1247
1119
1802
1595
1726
1433
1630
1684
1587
1947
1487
1839
1298
1398
1736
1352
1624
1631
1347
1460
1787
1651
1522
1762
1938
1169
1342
1531
1207
1536
1849
1925
1220
1896
1368
1546
1311
1521
1808
1088
1748
1348
1946
1750
1241
1217
1863
1237
1176
1180
1578
1672
1386
1597
1699
1981
1679
1362
1610
1510
1538
1159
1776
1302
1422
1071
1613
1483
1037
1759
1604
1957
1081
1155
1409
1202
1634
1469
1181
1965
1274
1701
1007
1305
1926
1416
1827
1060
1941
1837
1954
1191
1153
1862
1414
1727
1403
1413
1275
1490
1269
1780
1921
1649
1313
1091
1249
1932
1826
1939
1078
1388
1493
1397
1694
1951
1845
1441
1874
1867
1628
1100
1195
1143
1446
1800
1229
1406
1959
1902
1230
1129
1590
1499
1209
1102
2000
1243
1678
1242
1986
1170
1942
1188
1918
1557
1391
1580
1841
1067
1452
1582
1216
1258
1068
1868
1363
1284
1945
1132
1297
1156
1961
1309
1387
1019
1804
1251
1988
1576
1357
1379
1425
1172
1894
1674
1960
1850
1407
1524
1375
1730
1786
1389
1340
1491
1907
1056
1854
1515
1085
1097
1476
1293
1210
1157
1901
1415
1025
1640
1370
1066
1731
1517
1236
1377
1702
1320
1103
1865
1655
1811
1232
1772
1475
1567
1418
1428
1801
1629
1973
1600
1987
1705
1623
1009
1927
1568
1915
1444
1374
1980
1686
1936
1715
1795
1791
1105
1454
1741
1118
1503
1177
1866
1533
1008
1168
1376
1447
1106
1223
1952
1529
1922
1124
1632
1677
1858
1240
1657
1923
1399
1234
1213
1079
1002
1276
1712
1696
1221
1506
1484
1977
1285
1828
1029
1355
1765
1846
1770
1883
1719
1463
1844
1509
1876
1354
1722
1621
1670
1813
1467
1831
1055
1364
1369
1023
1784
1598
1059
1228
1579
1295
1916
1803
1096
1090
1321
1553
1743
1847
1692
1384
1154
1606
1450
1756
1372
1821
1761
1257
1110
1626
1296
1654
1239
1328
1591
1695
1764
1910
1542
1198
1206
1158
1627
1052
1544
1012
1723
1063
1262
1773
1816
1186
1270
1145
1561
1015
1541
1051
1818
1445
1260
1408
1806
1314
1798
1599
1539
1502
1873
1404
1324
1098
1545
1016
1550
1989
1439
1160
1280
1976
1489
1042
1036
1740
1264
1933
1167
1810
1360
1256
1127
1820
1304
1488
1877
1184
1149
1757
1609
1250
1593
1895
1291
1724
1733
1048
1161
1569
1505
1840
1010
1718
1456
1843
1758
1949
1852
1997
1336
1189
1163
1197
1767
1329
1889
1778
1440
1039
1478
1700
1437
1708
1853
1660
1955
1911
1898
1501
1641
1378
1020
1638
1855
1909
1077
1043
1261
1292
1058
1179
1319
1760
1594
1603
1203
1396
1462
1246
1548
1165
1245
1970
1412
1427
1070
1930
1643
1809
1358
1793
1411
1033
1514
1477
1117
1720
1432
1164
1435
1417
1468
1359
1608
1768
1585
1556
1899
1101
1443
1465
1963
1400
1423
1252
1430
1182
1974
1659
1710
1928
1728
1693
1301
1777
1991
1656
1267
1115
1424
1523
1856
1208
1382
1006
1212
1141
1716
1024
1026
1442
1673
1805
1004
1219
1146
1573
1045
1969
1562
1652
1248
1687
1057
1393
1135
1697
1706
1082
1549
1871
1897
1504
1367
1875
1390
1330
1565
1185
1126
1943
1528
1436
1434
1792
1286
1815
1956
1914
1919
1173
1339
1663
1575
1109
1622
1796
1709
1138
1421
1665
1288
1958
1703
1214
1317
1272
1525
1513
1829
1190
1937
1419
1265
1401
1107
1099
1420
1335
1920
1769
1824
1653
1995
1589
1618
1783
1564
1747
1905
1381
1566
1054
1495
1737
1707
1734
1690
1211
1353
1676
1966
1647
1830
1310
1823
1255
1746
1073
1361
1614
1893
1104
1836
1233
1134
1093
1520
1334
1763
1682
1993
1069
1851
1543
1619
1047
1075
1688
1636
1519
1410
1913
1558
1535
1666
1453
1908
1200
1480
1481
1616
1842
1194
1271
1751
1917
1178
1283
1095
1822
1964
1472
1771
1990
1485
1878
1742
1289
1094
1136
1116
1642
1497
1148
1461
1648
1205
1041
1559
1834
1474
1457
1929
1140
1121
1365
1268
1968
1327
1231
1385
1639
1788
1782
1588
1083
1277
1122
1745
1482
1061
1779
1714
1035
1307
1583
1563
1755
1633
1860
1448
1084
1527
1753
1034
1142
1934
1346
1781
1064
1429
1486
1022
1739
1455
1147
1711
1294
1080
1661
1944
1605
1325
1323
1617
1402
1691
1572
1635
1625
1494
1108
1882
1725
1982
1174
1885
1680
1438
1644
1254
1534
1799
1998
1704
1316
1466
1225
1011
1224
1650
1601
1500
1303
1612
1266
1351
1664
1637
1087
1814
1238
1074
1373
1226
1259
1717
1076
1979
1713
1014
1044
1201
1062
1886
1089
1380
1281
1332
1615
1263
1496
1552
1870
1689
1017
1001
1150
1306
1900
1273
1204
1671
1130
1366
1053
1253
1300
1835
1464
1112
1833
1322
1315
1685
1861
1341
1072
1032
1187
1244
1797
1349
1891
1903
1131
1551
1152
1602
