6247
6530
6073
6941
6657
6995
6026
6047
6867
6582
6776
6732
6589
6210
6656
6066
6048
6168
6029
6622
6062
6360
6472
6981
6431
6688
6394
6252
6186
6837
6537
6236
6686
6332
6806
6364
6217
6814
6614
6134
6453
6426
6609
6379
6329
6532
6021
6856
6223
6885
6819
6958
6897
6118
6283
6642
6331
6397
6942
6800
6515
6177
6027
6424
6422
6767
6827
6730
6650
6091
6698
6345
6733
6720
6013
6165
6574
6601
6590
6552
6910
6902
6122
6405
6743
6282
6880
6346
6665
6201
6361
6641
6943
6700
6301
6727
6170
6702
6467
6707
6820
6588
6761
6870
6251
6224
6095
6261
6259
6986
6785
6974
6147
6425
6257
6756
6742
6106
6807
6390
6578
6006
6156
6206
6209
6970
6558
6447
6307
6380
6690
6674
6325
6145
6250
6896
6140
6294
6852
6881
6709
6560
6816
6396
6879
6365
6577
6034
6159
6344
6238
6635
6503
6296
6100
6495
6232
6306
6102
6452
6469
6059
6372
6803
6624
6979
6524
6908
6084
6119
6964
6499
6174
6136
6615
6010
6211
6877
6681
6509
6235
6849
6580
6132
6595
6412
6634
6300
6348
6860
6287
6339
6975
6668
6774
6951
6894
6847
6697
6759
6549
6983
6835
6891
6950
6661
6214
6644
6667
6067
6832
6510
6840
6729
6988
6566
6982
6131
6718
6402
6545
6179
6085
6858
6025
6462
6602
6669
6005
6745
6722
6289
6279
6050
6481
6024
6135
6123
6234
6032
6935
6967
6077
6843
6153
6764
6158
6845
6924
6319
6593
6809
6976
6333
6998
6041
6685
6953
6482
6444
6270
6794
6792
6825
6137
6428
6124
6336
6324
6233
6433
6779
6285
6631
7000
6458
6696
6523
6760
6965
6446
6948
6663
6451
6599
6604
6613
6853
6383
6033
6420
6076
6276
6675
6492
6994
6919
6362
6240
6204
6660
6242
6750
6455
6543
6568
6479
6305
6871
6367
6831
6043
6584
6576
6020
6553
6673
6489
6195
6804
6202
6151
6721
6956
6338
6678
6407
6114
6143
6110
6536
6052
6922
6583
6927
6969
6710
6181
6046
6508
6162
6171
6717
6167
6473
6166
6038
6567
6763
6087
6762
6213
6011
6183
6636
6868
6907
6121
6561
6017
6295
6930
6842
6280
6713
6313
6540
6408
6830
6191
6873
6564
6505
6712
6882
6765
6441
6777
6619
6138
6562
6817
6546
6297
6427
6906
6281
6757
6037
6196
6155
6081
6744
6737
6714
6554
6012
6875
6375
6507
6705
6255
6304
6821
6541
6393
6486
6103
6917
6812
6237
6633
6185
6330
6775
6290
6946
6274
6594
6629
6826
6243
6391
6597
6531
6890
6411
6632
6342
6620
6152
6478
6608
6496
6654
6432
6993
6655
6818
6603
6358
6664
6312
6226
6612
6863
6108
6341
6841
6898
6347
6018
6746
6658
6082
6219
6517
6529
6381
6113
6497
6557
6256
6617
6535
6142
6400
6758
6616
6954
6386
6096
6504
6107
6548
6436
6449
6637
6857
6533
6512
6772
6055
6053
6692
6373
6133
6175
6395
6357
6321
6506
6154
6205
6262
6248
6884
6579
6778
6559
6747
6127
6596
6925
6182
6442
6160
6146
6677
6419
6404
6716
6485
6586
6260
6773
6920
6706
6075
6288
6399
6128
6035
6600
6864
6340
6316
6623
6939
6900
6430
6972
6212
6060
6846
6308
6949
6144
6230
6491
6318
6094
6328
6007
6670
6434
6299
6403
6878
6999
6855
6045
6303
6565
6089
6992
6042
6679
6542
6928
6323
6823
6130
6725
6769
6520
6645
6161
6275
6905
6229
6438
6719
6416
6521
6751
6326
6570
6056
6277
6351
6273
6413
6985
6097
6978
6184
6377
6921
6914
6931
6315
6083
6899
6699
6349
6748
6470
6810
6148
6687
6647
6265
6937
6528
6944
6811
6903
6322
6640
6916
6672
6197
6518
6952
6888
6932
6272
6068
6292
6901
6448
6783
6611
6795
6435
6585
6836
6352
6652
6966
6477
6780
6370
6627
6676
6605
6980
6266
6933
6959
6208
6019
6728
6069
6389
6002
6813
6241
6054
6519
6684
6483
6889
6961
6547
6643
6997
6752
6317
6049
6859
6445
6960
6371
6683
6651
6115
6648
6044
6638
6525
6695
6101
6465
6610
6474
6904
6973
6715
6382
6488
6199
6369
6938
6064
6456
6031
6945
6607
6513
6061
6581
6476
6493
6078
6222
6008
6834
6828
6788
6461
6866
6203
6833
6815
6263
6957
6782
6409
6337
6227
6861
6934
6990
6244
6754
6189
6246
6268
6249
6475
6829
6079
6735
6527
6682
6539
6220
6538
6790
6693
6112
6071
6376
6090
6724
6587
6653
6801
6703
6439
6258
6169
6738
6704
6563
6739
6802
6734
6126
6228
6178
6666
6314
6286
6913
6659
6459
6569
6886
6253
6770
6149
6555
6799
6798
6074
6502
6231
6036
6971
6129
6689
6991
6180
6141
6157
6789
6406
6874
6065
6378
6350
6415
6354
6862
6701
6989
6092
6125
6051
6850
6269
6009
6514
6573
6187
6571
6417
6736
6755
6334
6022
6854
6895
6014
6501
6437
6098
6440
6912
6001
6384
6327
6104
6940
6173
6245
6936
6254
6468
6968
6429
6374
6388
6480
6791
6887
6892
6511
6139
6116
6188
6923
6190
6691
6522
6550
6271
6302
6194
6883
6838
6625
6298
6494
6947
6740
6401
6225
6150
6876
6320
6355
6310
6039
6787
6534
6172
6598
6708
6630
6471
6088
6711
6335
6109
6575
6929
6293
6239
6105
6353
6771
6291
6872
6646
6865
6363
6551
6639
6621
6796
6500
6766
6793
6466
6909
6421
6824
6356
6984
6918
6267
6366
6869
6359
6207
6680
6962
6368
6556
6264
6086
6454
6093
6671
6694
6797
6418
6192
6592
6848
6460
6484
6822
6040
6028
6977
6072
6414
6805
6015
6516
6490
6392
6057
6851
6926
6070
6215
6163
6111
6628
6164
6023
6606
6498
6618
6915
6221
6786
6893
6955
6216
6080
6662
6385
6741
6487
6063
6117
6784
6016
6284
6309
6626
6311
6450
6387
6808
6176
6198
6731
6768
6343
6649
6410
6996
6278
6423
6003
6030
6004
6218
6099
6911
6781
6398
6753
6591
6839
6464
6058
6443
6963
6457
6726
6844
6572
6749
6120
6987
6193
6200
6463
6723
6544
6526
