20701
20954
20065
20500
20060
20006
20026
20923
20365
20517
20971
20681
20879
20275
20801
20390
20722
20138
20040
20402
20002
20468
20940
20623
20751
20786
20995
20690
20168
20821
20100
20984
20496
20272
20519
20770
20772
20951
20358
20044
20665
20644
20568
20684
20917
20648
20134
20878
20226
20941
20240
20890
20182
20124
20244
20980
20773
20885
20246
20585
20748
20647
20780
20764
20494
20030
20495
20230
20217
20783
20927
20634
20989
20612
20790
20208
20440
20903
20544
20159
20804
20258
20356
20004
20380
20431
20986
20293
20397
20368
20705
20645
20929
20997
20696
20453
20042
20047
20298
20632
20127
20746
20881
20403
20678
20875
20978
20540
20977
20859
20564
20188
20949
20209
20533
20653
20555
20279
20339
20886
20741
20353
20798
20626
20101
20641
20902
20223
20631
20502
20059
20049
20553
20671
20265
20659
20501
20056
20443
20350
20364
20425
20848
20255
20399
20076
20672
20856
20607
20993
20683
20252
20726
20422
20421
20686
20260
20163
20910
20021
20285
20156
20009
20602
20247
20177
20304
20058
20098
20178
20831
20536
20288
20062
20968
20789
20161
20562
20580
20205
20908
20085
20432
20619
20503
20238
20718
20819
20581
20472
20075
20795
20398
20089
20329
20314
20031
20290
20614
20442
20575
20212
20542
20328
20873
20749
20011
20723
20112
20315
20180
20793
20475
20387
20231
20728
20316
20864
20662
20514
20616
20259
20861
20584
20287
20145
20211
20563
20905
20499
20642
20753
20077
20253
20409
20172
20735
20105
20935
20317
20716
20953
20670
20345
20522
20548
20828
20362
20919
20998
20546
20692
20401
20241
20361
20229
20457
20327
20377
20264
20936
20762
20637
20510
20126
20074
20785
20411
20733
20190
20458
20123
20284
20413
20569
20296
20571
20146
20768
20547
20441
20433
20141
20095
20366
20552
20710
20916
20155
20456
20693
20460
20052
20528
20592
20996
20459
20400
20319
20338
20895
20245
20446
20600
20344
20125
20133
20674
20543
20130
20086
20053
20063
20497
20016
20018
20036
20960
20300
20379
20162
20824
20599
20832
20219
20685
20539
20227
20394
20268
20417
20029
20557
20445
20354
20663
20189
20667
20418
20737
20412
20324
20239
20175
20825
20624
20430
20099
20493
20643
20081
20332
20925
20844
20687
20024
20054
20464
20263
20415
20331
20280
20213
20807
20816
20709
20650
20635
20711
20513
20918
20404
20158
20763
20730
20838
20617
20750
20330
20836
20740
20149
20157
20939
20491
20527
20797
20613
20032
20388
20956
20035
20120
20348
20471
20901
20526
20221
20078
20572
20618
20454
20283
20531
20920
20679
20104
20814
20359
20200
20850
20410
20310
20787
20407
20251
20389
20660
20142
20135
20900
20598
20847
20242
20203
20633
20473
20392
20837
20452
20715
20269
20682
20370
20958
20669
20729
20311
20116
20295
20262
20426
20601
20447
20721
20122
20395
20154
20611
20604
20306
20742
20691
20313
20131
20515
20051
20038
20874
20759
20987
20110
20945
20677
20467
20360
20926
20391
20192
20384
20396
20991
20436
20382
20069
20276
20776
20909
20318
20176
20796
20731
20256
20661
20369
20214
20357
20703
20307
20588
20309
20195
20628
20849
20261
20697
20498
20064
20171
20606
20747
20839
20462
20851
20420
20079
20781
20799
20220
20048
20700
20165
20113
20080
20894
20858
20218
20225
20376
20170
20767
20017
20266
20545
20699
20448
20249
20827
20883
20972
20351
20340
20689
20717
20474
20385
20976
20050
20739
20465
20948
20823
20043
20820
20084
20649
20944
20809
20983
20973
20250
20898
20992
20234
20565
20505
20760
20567
20204
20558
20985
20720
20179
20815
20193
20466
20629
20512
20955
20143
20621
20450
20538
20463
20335
20743
20487
20680
20341
20596
20202
20477
20383
20139
20966
20862
20712
20215
20257
21000
20507
20414
20942
20867
20427
20892
20003
20766
20349
20429
20301
20587
20281
20964
20622
20082
20676
20725
20934
20656
20865
20534
20800
20455
20073
20912
20646
20485
20237
20087
20483
20911
20183
20675
20470
20855
20428
20845
20129
20128
20019
20842
20590
20673
20461
20041
20630
20822
20282
20818
20005
20071
20803
20469
20756
20438
20794
20057
20615
20083
20561
20782
20305
20792
20887
20210
20481
20093
20843
20118
20186
20291
20355
20877
20605
20346
20541
20308
20589
20014
20408
20811
20267
20166
20326
20068
20437
20449
20990
20061
20880
20294
20323
20434
20423
20609
20695
20117
20889
20046
20312
20484
20373
20008
20015
20970
20111
20830
20490
20152
20788
20638
20012
20979
20321
20719
20196
20708
20140
20518
20582
20765
20530
20805
20938
20164
20959
20224
20943
20854
20952
20151
20092
20969
20137
20037
20097
20922
20852
20529
20007
20167
20560
20981
20937
20769
20374
20216
20928
20603
20070
20027
20706
20882
20299
20688
20091
20999
20511
20826
20834
20419
20566
20115
20277
20532
20988
20187
20813
20863
20337
20657
20289
20292
20965
20535
20333
20386
20336
20808
20023
20297
20405
20013
20698
20416
20869
20778
20451
20806
20636
20982
20067
20343
20907
20492
20899
20198
20090
20303
20109
20574
20034
20559
20961
20248
20506
20777
20913
20868
20482
20286
20738
20962
20352
20274
20550
20072
20367
20963
20045
20904
20707
20774
20608
20444
20406
20744
20757
20591
20930
20833
20228
20727
20884
20802
20857
20107
20028
20181
20784
20713
20840
20931
20524
20375
20232
20347
20243
20378
20207
20866
20039
20206
20022
20094
20754
20199
20651
20974
20620
20504
20106
20745
20197
20556
20055
20573
20668
20734
20876
20132
20235
20233
20771
20891
20994
20549
20066
20897
20424
20932
20371
20714
20810
20694
20871
20576
20610
20148
20896
20551
20627
20478
20957
20933
20173
20273
20779
20577
20595
20325
20121
20488
20480
20597
20761
20160
20103
20658
20888
20020
20439
20119
20664
20144
20521
20570
20342
20153
20775
20755
20479
20924
20489
20476
20520
20752
20640
20322
20185
20921
20320
20655
20033
20169
20096
20870
20270
20435
20625
20150
20967
20184
20860
20537
20975
20829
20523
20516
20947
20393
20704
20594
20554
20509
20525
20010
20363
20578
20381
20654
20702
20586
20278
20508
20147
20236
20102
20872
20835
20583
20639
20946
20906
20302
20254
20915
20025
20222
20732
20108
20201
20791
20372
20817
20271
20114
20001
20914
20088
20758
20846
20666
20194
20579
20191
20174
20136
20841
20334
20486
20736
20950
20853
20812
20724
20652
20893
20593
