7497
7806
7597
7645
7475
7126
7682
7654
7609
7496
7109
7480
7162
7915
7673
7298
7121
7482
7462
7642
7325
7200
7819
7458
7502
7670
7571
7195
7451
7236
7321
7442
7446
7045
7431
7834
7222
7534
7847
7460
7552
7153
7561
7844
7536
7391
7807
7872
7629
7189
7742
7407
7097
7363
7264
7559
7234
7495
7831
7573
7728
7508
7649
7887
7115
7814
7866
7541
7278
7587
7427
7885
7169
7910
7439
7859
7457
7824
7867
7306
7161
7918
7120
7337
7663
7499
7769
7635
7809
7967
7095
7167
7207
7408
7617
7686
7467
7042
7243
7432
7324
7127
7094
7317
7074
7546
7119
7017
7093
7344
7796
7568
8000
7882
7664
7367
7870
7430
7585
7995
7903
7399
7818
7625
7696
7958
7196
7168
7690
7370
7225
7633
7530
7032
7025
7509
7507
7060
7308
7104
7132
7656
7647
7703
7416
7721
7574
7553
7899
7476
7984
7404
7636
7657
7331
7837
7428
7961
7971
7472
7421
7551
7219
7803
7394
7248
7498
7390
7739
7387
7338
7382
7755
7827
7138
7114
7704
7242
7956
7699
7071
7139
7258
7371
7010
7020
7092
7969
7767
7605
7066
7572
7477
7951
7684
7227
7921
7729
7630
7315
7944
7004
7302
7424
7437
7674
7204
7825
7908
7813
7410
7975
7942
7960
7420
7218
7061
7565
7257
7289
7900
7300
7619
7211
7715
7711
7034
7638
7637
7323
7514
7310
7687
7333
7913
7241
7529
7116
7694
7402
7877
7176
7764
7895
7717
7528
7209
7384
7648
7409
7828
7660
7570
7965
7473
7959
7651
7133
7016
7481
7156
7701
7893
7152
7547
7991
7586
7810
7744
7199
7797
7474
7220
7846
7963
7015
7954
7792
7628
7817
7543
7319
7878
7487
7631
7309
7540
7691
7037
7860
7993
7123
7397
7602
7953
7861
7136
7700
7889
7591
7743
7793
7928
7794
7722
7833
7734
7417
7008
7297
7997
7470
7652
7588
7150
7712
7966
7143
7766
7232
7291
7643
7933
7013
7149
7930
7405
7086
7044
7532
7978
7957
7353
7178
7775
7886
7520
7235
7938
7983
7296
7977
7425
7295
7598
7577
7339
7027
7780
7077
7330
7465
7250
7924
7982
7332
7215
7768
7857
7973
7185
7610
7783
7726
7247
7320
7611
7455
7535
7398
7177
7906
7923
7653
7904
7488
7002
7293
7164
7228
7140
7059
7233
7935
7521
7746
7594
7500
7758
7592
7239
7932
7129
7328
7822
7311
7386
7999
7537
7263
7443
7896
7658
7348
7718
7255
7056
7377
7693
7836
7005
7992
7369
7525
7655
7907
7464
7880
7147
7192
7012
7549
7627
7512
7312
7190
7111
7372
7506
7028
7614
7413
7068
7381
7911
7522
7301
7249
7752
7282
7106
7251
7365
7125
7191
7841
7745
7876
7558
7253
7388
7041
7279
7026
7791
7184
7151
7948
7646
7445
7351
7049
7590
7523
7346
7719
7917
7182
7240
7820
7434
7753
7238
7286
7741
7096
7578
7869
7916
7839
7347
7922
7157
7811
7798
7599
7294
7634
7623
7929
7980
7101
7503
7517
7708
7589
7892
7171
7666
7433
7830
7620
7737
7738
7868
7639
7075
7672
7058
7851
7789
7511
7763
7569
7622
7556
7040
7730
7760
7118
7350
7327
7550
7801
7392
7261
7385
7510
7640
7062
7749
7624
7748
7030
7865
7438
7582
7395
7142
7890
7281
7087
7934
7069
7518
7021
7479
7832
7491
7053
7144
7435
7256
7773
7557
7376
7799
7154
7927
7103
7022
7936
7805
7539
7039
7856
7662
7102
7229
7334
7342
7504
7998
7269
7759
7667
7271
7720
7949
7716
7750
7373
7057
7131
7891
7374
7414
7231
7159
7702
7677
7276
7003
7383
7461
7146
7050
7266
7007
7838
7531
7897
7262
7583
7343
7580
7360
7084
7375
7909
7515
7036
7843
7974
7354
7186
7378
7883
7019
7288
7564
7976
7850
7358
7800
7141
7840
7422
7740
7099
7237
7478
7359
7180
7393
7776
7905
7544
7618
7943
7063
7322
7214
7595
7772
7316
7326
7088
7939
7352
7275
7964
7621
7452
7283
7110
7064
7080
7584
7724
7486
7046
7567
7038
7601
7307
7688
7727
7600
7244
7808
7081
7815
7130
7581
7221
7675
7842
7406
7085
7858
7770
7710
7697
7014
7576
7453
7356
7029
7505
7786
7366
7274
7447
7931
7709
7685
7318
7849
7100
7757
7606
7006
7449
7194
7871
7575
7419
7226
7735
7596
7626
7795
7067
7864
7418
7450
7902
7676
7732
7919
7245
7566
7224
7548
7135
7252
7894
7011
7259
7188
7290
7485
7962
7463
7845
7668
7124
7187
7853
7947
7018
7972
7205
7043
7782
7981
7412
7945
7848
7165
7713
7787
7979
7341
7052
7166
7117
7345
7579
7031
7098
7403
7747
7223
7925
7024
7355
7285
7048
7698
7440
7524
7669
7203
7054
7362
7444
7952
7213
7174
7494
7268
7329
7436
7937
7987
7175
7349
7400
7603
7765
7785
7994
7835
7181
7267
7863
7689
7280
7335
7423
7683
7090
7875
7076
7113
7246
7898
7128
7148
7072
7593
7023
7604
7714
7641
7733
7202
7401
7145
7563
7914
7542
7305
7612
7731
7989
7314
7105
7884
7804
7260
7615
7613
7644
7379
7762
7456
7070
7336
7681
7107
7183
7988
7287
7009
7426
7705
7051
7986
7873
7555
7777
7079
7217
7073
7284
7254
7429
7771
7361
7368
7380
7862
7912
7562
7415
7078
7489
7821
7210
7179
7751
7678
7659
7198
7513
7829
7823
7545
7212
7158
7996
7083
7197
7990
7679
7389
7761
7560
7985
7946
7292
7901
7516
7216
7454
7526
7779
7340
7122
7033
7206
7784
7533
7035
7448
7874
7364
7108
7170
7812
7265
7065
7270
7137
7788
7692
7695
7920
7396
7774
7671
7001
7082
7707
7501
7790
7466
7411
7155
7493
7173
7272
7277
7492
7538
7304
7484
7089
7201
7160
7483
7781
7879
7490
7680
7527
7661
7607
7616
7299
7632
7941
7816
7881
7854
7230
7047
7193
7519
7706
7471
7725
7852
7055
7208
7469
7163
7940
7970
7950
7736
7091
7723
7955
7888
7441
7754
7459
7968
7134
7313
7112
7802
7468
7172
7826
7273
7855
7357
7665
7756
7650
7554
7303
7778
7926
7608
