10683
10479
10870
10585
10808
10416
10606
10150
10523
10629
10134
10406
10758
10555
10978
10190
10394
10264
10544
10938
10713
10571
10157
10493
10019
10229
10060
10899
10427
10398
10404
10757
10998
10880
10655
10425
10403
10111
10417
10914
10033
10553
10247
10504
10856
10239
10445
10652
10851
10396
10603
10277
10586
10374
10925
10448
10791
10816
10527
10549
10344
10838
10687
10691
10786
10511
10775
10042
10237
10619
10483
10551
10968
10158
10847
10861
10550
10067
10875
10910
10142
10231
10472
10981
10927
10311
10390
10053
10141
10048
10423
10889
10262
10759
10061
10412
10286
10383
10045
10212
10685
10369
10898
10872
10028
10099
10616
10575
10257
10070
10956
10215
10052
10587
10387
10054
10055
10979
10678
10446
10333
10923
10736
10643
10118
10627
10159
10934
10161
10092
10487
10593
10561
10737
10877
10908
10047
10217
10463
10665
10384
10869
10320
10462
10897
10850
10746
10038
10601
10108
10577
10940
10321
10604
10548
10026
10513
10253
10303
10600
10997
10819
10790
10238
10912
10232
10401
10740
10521
10104
10508
10547
10714
10609
10572
10016
10868
10279
10976
10580
10834
10185
10288
10945
10512
10661
10216
10688
10554
10037
10849
10234
10156
10096
10780
10080
10514
10985
10596
10081
10710
10942
10621
10971
10179
10760
10690
10495
10658
10703
10436
10295
10941
10420
10302
10064
10489
10144
10701
10517
10750
10297
10718
10363
10101
10686
10657
10378
10140
10438
10269
10881
10221
10246
10879
10773
10087
10005
10811
10725
10826
10410
10122
10812
10285
10966
10742
10172
10946
10656
10530
10843
10260
10841
10488
10793
10102
10865
10622
10324
10455
10486
10662
10562
10339
10315
10020
10331
10349
10120
10642
10937
10124
10198
10036
10679
10628
10519
10672
10712
10456
10034
10271
10546
10645
10009
10411
10648
10904
10958
10506
10565
10329
10451
10535
10926
10189
10537
10094
10173
10370
10088
10014
10782
10727
10989
10831
10106
10024
10240
10467
10093
10259
10258
10766
10457
10439
10207
10267
10327
10480
10857
10800
10543
10797
10319
10842
10278
10878
10268
10380
10059
10208
10676
10874
10607
10018
10139
10078
10224
10949
10883
10639
10255
10453
10013
10182
10347
10051
10871
10818
10432
10502
10771
10545
10116
10100
10930
10824
10917
10382
10160
10721
10951
10895
10634
10525
10353
10903
10588
10491
10948
10196
10162
10532
10468
10748
10761
10528
10350
10762
10127
10564
10021
10131
10227
10325
10056
10204
10696
10620
10275
10407
10165
10137
10358
10706
10280
10636
10568
10892
10473
10591
10594
10890
10030
10132
10673
10682
10862
10376
10041
10970
10747
10754
10578
10103
10663
10900
10069
10348
10291
10681
10708
10805
10164
10421
10497
10505
10651
10248
10152
10781
10149
10282
10340
10975
10117
10992
10230
10450
10863
10787
10960
10354
10474
10113
10089
10057
10095
10943
10873
10932
10705
10952
10270
10430
10817
10670
10281
10440
10837
10098
10608
10813
10293
10114
10191
10415
10039
10335
10999
10368
10788
10745
10352
10194
10076
10400
10536
10542
10953
10595
10724
10624
10973
10424
10605
10515
10367
10136
10597
10801
10635
10909
10955
10756
10304
10049
10178
10146
10538
10829
10806
10709
10559
10500
10389
10205
10428
10840
10928
10090
10885
10913
10499
10050
10961
10698
10882
10222
10085
10399
10964
10540
10287
10516
10145
10518
10206
10214
10175
10180
10119
10556
10305
10426
10969
10184
10058
10823
10197
10965
10010
10836
10918
10135
10201
10592
10574
10447
10075
10029
10803
10990
10749
10492
10929
10193
10674
10148
10419
10792
10082
10322
10815
10155
10323
10313
10993
10893
10151
10481
10795
10888
10228
10381
10498
10802
11000
10711
10886
10777
10864
10584
10110
10887
10944
10027
10316
10402
10163
10641
10501
10292
10743
10435
10341
10626
10444
10298
10107
10637
10199
10716
10274
10884
10011
10464
10245
10062
10583
10995
10366
10361
10827
10223
10133
10704
10478
10273
10244
10071
10371
10507
10660
10794
10752
10187
10744
10365
10243
10084
10569
10765
10906
10769
10454
10130
10907
10828
10848
10915
10832
10002
10188
10006
10689
10820
10728
10611
10558
10669
10072
10256
10778
10730
10702
10171
10924
10309
10974
10174
10482
10814
10835
10276
10338
10097
10858
10249
10490
10939
10241
10715
10209
10767
10804
10202
10219
10599
10091
10408
10957
10529
10522
10677
10476
10310
10359
10008
10739
10954
10821
10250
10510
10905
10475
10043
10753
10330
10891
10154
10977
10409
10653
10301
10431
10764
10458
10494
10734
10261
10852
10023
10772
10265
10921
10839
10343
10226
10799
10300
10902
10388
10602
10105
10667
10776
10866
10654
10429
10557
10719
10623
10112
10853
10351
10254
10434
10731
10733
10068
10294
10342
10783
10242
10717
10360
10796
10252
10337
10720
10649
10980
10738
10830
10167
10770
10066
10345
10644
10307
10640
10266
10233
10126
10810
10073
10509
10236
10996
10170
10040
10414
10469
10086
10520
10614
10143
10176
10169
10741
10922
10225
10935
10017
10967
10336
10465
10466
10418
10695
10183
10598
10876
10680
10576
10290
10896
10211
10166
10610
10590
10859
10422
10933
10121
10589
10959
10763
10213
10386
10931
10894
10460
10470
10751
10471
10153
10919
10732
10846
10385
10032
10391
10855
10844
10443
10168
10177
10668
10675
10007
10785
10200
10308
10920
10613
10083
10901
10671
10312
10988
10630
10692
10442
10477
10699
10694
10531
10044
10022
10195
10356
10452
10210
10377
10618
10524
10911
10807
10441
10484
10774
10789
10128
10306
10357
10972
10570
10346
10986
10809
10647
10025
10566
10768
10541
10035
10272
10393
10526
10755
10284
10109
10612
10031
10991
10362
10659
10433
10181
10012
10984
10496
10314
10631
10982
10573
10220
10147
10375
10317
10355
10437
10115
10638
10723
10413
10046
10684
10560
10397
10784
10186
10296
10729
10539
10650
10854
10936
10015
10449
10779
10563
10567
10700
10632
10994
10459
10123
10318
10077
10833
10646
10138
10503
10633
10916
10364
10334
10004
10697
10001
10003
10534
10664
10074
10372
10615
10950
10405
10962
10263
10203
10983
10192
10392
10299
10125
10533
10860
10693
10735
10579
10395
10129
10666
10218
10617
10947
10328
10289
10825
10251
10726
10379
10722
10822
10079
10065
10485
10326
10283
10235
10987
10461
10867
10963
10707
10581
10373
10845
10625
10332
10798
10582
10552
10063
