19134
19265
19263
19972
19953
19007
19915
19991
19023
19120
19774
19590
19379
19463
19283
19880
19185
19203
19465
19841
19924
19770
19657
19292
19684
19910
19777
19202
19765
19061
19933
19170
19764
19538
19257
19619
19131
19422
19121
19539
19766
19998
19380
19674
19100
19088
19500
19066
19518
19236
19484
19599
19165
19457
19520
19957
19844
19025
19443
19444
19685
19210
19827
19637
19536
19588
19974
19495
19095
19571
19920
19513
19383
19448
19267
19795
19829
19997
19474
19504
19284
19644
19665
19711
19209
19447
19898
19733
19085
19224
19424
19080
19731
19546
19454
19888
19782
19041
19412
19576
19661
19200
19433
19112
19491
19519
19803
19708
19558
19175
19574
19351
19370
19769
19987
19075
19846
19062
19757
19968
19753
19626
19616
19005
19099
19913
19227
19889
19943
19044
19248
19376
19147
19682
19959
19394
19166
19954
19445
19649
19926
19632
19951
19280
19049
19577
19582
19995
19241
19072
19451
19482
19705
19890
19188
19980
19124
19828
19468
19352
19820
19686
19186
19948
19368
19338
19587
19340
19152
19573
19528
19836
19475
19992
19308
19603
19421
19123
19763
19721
19780
19360
19019
19070
19031
19698
19053
19726
19320
19790
19105
19313
19751
19162
19418
19347
19038
19826
19323
19727
19560
19935
19358
19364
19452
19065
19089
19092
19652
19554
19596
19211
19045
19531
19172
19813
19996
19426
19300
19264
19760
19800
19157
19400
19009
19976
19801
19225
19989
19479
19614
19979
19483
19879
19994
19251
19697
19449
19884
19487
19937
19523
19260
19521
19067
19442
19720
19493
19084
19871
19357
19498
19691
19027
19013
19929
19375
19076
19669
19077
19808
19877
19137
19355
19608
19113
19150
19291
19744
19930
19529
19238
19208
19591
19542
19281
19687
19177
19319
19905
19494
19184
19945
19022
19138
19668
19431
19303
19063
19480
19183
19514
19993
19718
19928
19307
19865
19736
19856
19563
19018
19255
19490
19921
19505
19639
19806
19472
19429
19627
19182
19301
19331
19223
19676
19253
19767
19680
19285
19977
19346
19810
19883
19678
19971
19388
19343
19704
19118
19273
19752
19548
19406
19857
19097
19556
19127
19004
19670
19356
19944
19503
19886
19230
19671
19641
19389
19958
19143
19115
19268
19689
19646
19544
19966
19016
19461
19289
19345
19516
19973
19956
19050
19569
19069
19814
19413
19302
19029
19900
19636
19235
19477
19003
19551
19328
19714
19314
19847
19750
19195
19675
19797
19728
19458
19681
19501
19142
19055
19011
19962
19033
19081
19647
19985
19432
19191
19981
19541
19036
19269
19983
19174
19802
19274
19545
19743
19129
19218
19222
19940
19244
19635
19562
19197
19530
19028
19768
19216
19615
19517
19440
19119
19325
19502
19709
19471
19158
19367
19755
19371
19526
19508
19712
19852
19288
19189
19377
19462
19068
19875
19634
19034
19243
19939
19787
19955
19180
19104
19082
19799
19057
19290
19339
19707
19761
19773
19535
19643
19139
19592
19304
19510
19673
19606
19555
19734
19046
19672
19699
19497
19568
19439
19090
19524
19294
19430
19812
19942
19467
19385
19543
19275
19496
19792
19645
19453
19145
19204
19051
19169
19094
19891
19373
19630
19415
19901
19021
19126
19135
19190
19324
19741
19815
19414
19441
19578
19861
19140
19342
19522
19136
19116
19391
19390
19839
19786
19654
19287
19213
19387
19862
19148
19087
19425
19822
19201
19842
19737
19831
19952
19372
19870
19130
19198
19079
19199
19392
19853
19438
19837
19309
19934
19553
20000
19927
19656
19793
19369
19261
19624
19436
19866
19052
19179
19975
19333
19272
19858
19326
19192
19904
19312
19713
19834
19128
19911
19107
19509
19086
19778
19363
19014
19411
19256
19032
19109
19830
19625
19078
19540
19164
19583
19512
19187
19740
19404
19961
19612
19492
19507
19547
19470
19701
19159
19141
19233
19594
19855
19618
19206
19922
19550
19666
19499
19091
19101
19384
19399
19963
19215
19330
19823
19161
19804
19154
19964
19876
19035
19807
19466
19108
19931
19664
19207
19990
19690
19570
19537
19960
19486
19633
19305
19843
19488
19748
19460
19864
19336
19378
19738
19111
19037
19194
19593
19565
19286
19762
19156
19745
19317
19155
19735
19434
19620
19446
19193
19171
19247
19042
19056
19854
19144
19978
19725
19266
19722
19897
19941
19925
19561
19586
19607
19932
19629
19716
19746
19604
19999
19476
19532
19327
19354
19212
19825
19819
19785
19988
19642
19006
19872
19437
19114
19416
19106
19860
19850
19250
19805
19754
19407
19611
19296
19946
19651
19237
19715
19867
19396
19566
19511
19783
19912
19907
19771
19149
19892
19217
19895
19703
19133
19083
19600
19349
19240
19885
19567
19254
19717
19393
19557
19489
19221
19724
19054
19167
19527
19017
19160
19572
19395
19278
19258
19902
19125
19584
19008
19710
19205
19796
19366
19706
19723
19353
19914
19811
19276
19146
19423
19732
19163
19589
19581
19986
19868
19151
19881
19640
19428
19658
19552
19700
19481
19073
19794
19310
19417
19659
19515
19060
19450
19315
19419
19533
19232
19306
19824
19220
19863
19938
19549
19299
19455
19329
19039
19242
19969
19344
19168
19655
19071
19759
19742
19374
19245
19816
19277
19695
19246
19859
19622
19613
19631
19110
19950
19788
19030
19015
19064
19609
19464
19730
19575
19410
19350
19279
19967
19579
19348
19365
19420
19835
19010
19403
19318
19173
19059
19917
19789
19456
19982
19919
19459
19043
19001
19965
19178
19585
19295
19874
19386
19297
19882
19660
19321
19228
19262
19252
19869
19401
19122
19026
19282
19196
19229
19012
19873
19402
19984
19918
19598
19293
19559
19469
19702
19332
19341
19936
19970
19947
19117
19849
19610
19322
19845
19103
19688
19893
19818
19605
19756
19650
19899
19074
19916
19739
19694
19617
19949
19840
19316
19435
19485
19749
19002
19024
19102
19663
19359
19595
19525
19047
19234
19405
19048
19214
19781
19132
19580
19623
19903
19397
19729
19909
19747
19908
19093
19473
19219
19020
19176
19923
19621
19259
19772
19821
19776
19249
19040
19809
19784
19692
19398
19638
19096
19409
19298
19270
19679
19181
19878
19382
19817
19534
19239
19628
19838
19362
19648
19894
19719
19597
19662
19833
19271
19683
19337
19779
19381
19058
19906
19361
19851
19601
19696
19334
19098
19427
19887
19602
19848
19693
19791
19231
19677
19896
19226
19311
19564
19832
19506
19775
19408
19153
19758
19653
19798
19667
19478
19335
