15172
15162
15086
15012
15331
15801
15587
15752
15908
15923
15072
15368
15375
15219
15505
15183
15142
15055
15151
15867
15584
15199
15420
15167
15464
15324
15755
15465
15888
15521
15029
15927
15898
15305
15925
15891
15434
15780
15205
15760
15198
15794
15735
15964
15436
15321
15899
15928
15733
15466
15180
15438
15490
15575
15514
15972
15044
15750
15653
15695
15765
15227
15591
15258
15364
15068
15281
15293
15487
15192
15145
15550
15850
15924
15786
15382
15166
15016
15787
15177
15251
15010
15864
15876
15070
15547
15021
15982
15246
15842
15270
15022
15257
15782
15792
15847
15004
15088
15527
15952
15881
15336
15945
15312
15150
15249
15574
15843
15641
15904
15115
15415
15773
15698
15291
15569
15570
15386
15949
15873
15011
15399
15635
15007
15286
15100
15639
15036
15216
15523
15171
15833
15914
15690
15726
15129
15154
15779
15958
15938
15443
15962
15754
15956
15593
15006
15944
15951
15809
15350
15422
15366
15226
15484
15371
15740
15838
15544
15985
15461
15027
15692
15339
15252
15980
15367
15024
15124
15775
15288
15327
15353
15381
15736
15035
15340
15742
15273
15496
15567
15432
15940
15474
15152
15069
15878
15558
15477
15805
15052
15263
15414
15210
15360
15136
15965
15916
15701
15860
15685
15276
15818
15857
15968
15498
15759
15935
15430
15886
15658
15224
15344
15101
15869
15307
15585
15668
15519
15189
15159
15725
16000
15037
15379
15444
15095
15622
15541
15656
15785
15803
15893
15431
15377
15202
15173
15909
15014
15411
15492
15841
15488
15058
15256
15739
15188
15691
15332
15508
15347
15439
15699
15185
15613
15001
15969
15715
15654
15954
15763
15933
15128
15373
15662
15992
15624
15018
15966
15342
15896
15091
15746
15989
15885
15442
15709
15539
15122
15996
15500
15383
15644
15132
15976
15604
15255
15862
15266
15540
15133
15665
15451
15097
15537
15861
15868
15228
15930
15346
15148
15015
15892
15642
15388
15955
15564
15808
15450
15053
15811
15688
15289
15602
15485
15240
15837
15040
15999
15337
15245
15758
15549
15551
15074
15005
15813
15577
15889
15314
15814
15583
15563
15318
15533
15059
15045
15696
15820
15761
15506
15614
15630
15197
15065
15463
15817
15247
15772
15525
15776
15513
15398
15479
15700
15824
15524
15098
15334
15051
15902
15993
15341
15929
15617
15349
15317
15225
15168
15308
15629
15588
15702
15452
15107
15449
15830
15960
15395
15033
15596
15671
15915
15890
15147
15046
15402
15628
15470
15723
15204
15393
15766
15932
15208
15732
15903
15206
15299
15789
15839
15807
15984
15077
15476
15686
15934
15798
15515
15229
15079
15440
15586
15285
15178
15057
15710
15089
15670
15953
15532
15689
15767
15310
15546
15104
15988
15978
15693
15087
15138
15419
15190
15039
15729
15615
15294
15640
15483
15049
15282
15749
15338
15849
15455
15977
15566
15937
15103
15882
15659
15897
15469
15217
15757
15491
15592
15290
15673
15480
15302
15957
15529
15895
15553
15720
15907
15032
15730
15078
15427
15778
15421
15633
15562
15919
15648
15441
15636
15468
15209
15047
15844
15385
15356
15092
15200
15512
15043
15883
15406
15770
15616
15554
15990
15486
15425
15605
15155
15791
15721
15343
15507
15435
15816
15874
15429
15704
15237
15788
15676
15855
15118
15795
15825
15020
15345
15359
15917
15646
15769
15096
15462
15201
15727
15110
15333
15418
15313
15826
15806
15026
15094
15002
15121
15986
15013
15555
15250
15426
15182
15669
15784
15003
15796
15019
15526
15871
15835
15083
15170
15705
15819
15378
15657
15598
15768
15141
15099
15437
15186
15655
15645
15296
15412
15711
15114
15274
15394
15580
15207
15056
15194
15352
15191
15284
15712
15397
15102
15906
15741
15131
15573
15135
15863
15416
15389
15601
15193
15921
15834
15272
15942
15877
15674
15651
15734
15822
15672
15458
15802
15783
15748
15374
15134
15706
15322
15744
15297
15164
15901
15460
15961
15195
15724
15652
15163
15241
15222
15530
15590
15607
15677
15703
15139
15146
15781
15275
15950
15548
15400
15866
15900
15478
15832
15279
15351
15981
15187
15516
15413
15260
15410
15810
15467
15743
15157
15503
15259
15582
15214
15042
15854
15911
15220
15753
15637
15557
15025
15994
15050
15851
15137
15335
15611
15271
15649
15076
15242
15365
15618
15445
15707
15946
15632
15663
15144
15918
15568
15203
15130
15738
15108
15326
15836
15666
15268
15471
15879
15283
15556
15831
15799
15995
15606
15936
15362
15329
15975
15234
15545
15912
15610
15943
15542
15174
15236
15248
15579
15298
15997
15041
15080
15223
15085
15910
15156
15664
15774
15625
15230
15589
15728
15708
15184
15179
15387
15594
15023
15212
15235
15304
15161
15391
15392
15643
15319
15320
15082
15597
15158
15840
15494
15221
15599
15417
15823
15211
15660
15603
15751
15638
15109
15062
15361
15358
15499
15718
15482
15112
15578
15404
15384
15169
15120
15454
15627
15717
15538
15093
15970
15939
15300
15853
15621
15971
15357
15536
15683
15176
15457
15967
15884
15309
15380
15269
15963
15959
15423
15090
15719
15679
15316
15034
15292
15764
15620
15328
15905
15306
15991
15987
15473
15631
15973
15372
15355
15771
15253
15682
15295
15931
15390
15262
15947
15565
15502
15369
15497
15048
15008
15215
15277
15619
15581
15650
15067
15941
15119
15713
15396
15254
15243
15064
15595
15264
15123
15472
15626
15456
15117
15880
15475
15887
15531
15501
15105
15979
15401
15489
15244
15623
15974
15859
15678
15113
15894
15354
15453
15408
15495
15311
15509
15301
15716
15518
15697
15280
15920
15303
15265
15534
15160
15687
15504
15125
15804
15647
15153
15948
15913
15543
15865
15829
15922
15075
15028
15998
15609
15143
15459
15522
15722
15106
15073
15828
15827
15535
15403
15800
15815
15287
15063
15600
15127
15517
15846
15493
15038
15370
15714
15560
15407
15175
15060
15762
15238
15552
15756
15149
15572
15181
15017
15448
15790
15856
15681
15126
15684
15797
15348
15875
15239
15510
15030
15447
15737
15218
15528
15231
15165
15926
15330
15363
15481
15608
15140
15054
15634
15433
15571
15315
15071
15821
15680
15858
15661
15213
15196
15559
15511
15009
15694
15031
15084
15409
15376
15576
15261
15812
15983
15323
15405
15232
15061
15848
15116
15667
15870
15777
15745
15111
15561
15872
15233
15675
15747
15612
15731
15278
15081
15267
15066
15446
15852
15428
15520
15845
15793
15424
15325
