21772
21471
21144
21088
21972
21751
21986
21512
21810
21871
21731
21763
21996
21628
21090
21784
21924
21280
21260
21483
21513
21721
21341
21098
21707
21376
21445
21821
21145
21249
21750
21370
21953
21764
21238
21824
21137
21023
21862
21633
21634
21236
21295
21753
21037
21642
21212
21589
21576
21741
21093
21834
21754
21980
21009
21686
21757
21227
21419
21360
21173
21735
21425
21414
21813
21417
21180
21852
21853
21448
21170
21885
21831
21490
21043
21476
21420
21477
21529
21312
21591
21545
21850
21747
21185
21870
21326
21013
21399
21474
21045
21455
21922
21579
21606
21452
21832
21442
21330
21670
21204
21328
21186
21281
21593
21933
21364
21014
21945
21652
21133
21898
21568
21355
21343
21988
21495
21464
21325
21126
21829
21719
21586
21617
21404
21561
21407
21358
21229
21860
21941
21489
21385
21958
21631
21793
21378
21155
21479
21141
21736
21620
21119
21952
21655
21409
21379
21047
21950
21609
21743
21120
21745
21221
21244
21866
21799
21923
21968
21725
21796
21106
21164
21951
21979
21028
21571
21872
21111
21311
21294
21277
21433
21994
21664
21548
21025
21338
21466
21650
21809
21602
21836
21627
21217
21907
21480
21637
21124
21693
21007
21875
21026
21265
21621
21344
21278
21247
21056
21607
21604
21348
21067
21830
21881
21647
21053
21612
21818
21838
21536
21673
21970
21100
21371
21659
21520
21230
21497
21263
21223
21329
21849
21614
21542
21484
21615
21472
21874
21551
21925
21349
21657
21538
21590
21478
21122
21624
21416
21991
21290
21805
21954
21412
21036
21320
21828
21309
21253
21841
21527
21405
21066
21264
21321
21486
21482
21916
21888
21990
21969
21499
21282
21844
21190
21717
21359
21694
21873
21251
21807
21981
21140
21681
21716
21978
21235
21129
21115
21766
21651
21284
21728
21695
21543
21726
21833
21515
21268
21765
21117
21528
21903
21630
21143
21779
21206
21654
21744
21632
21915
21150
21674
21389
21441
21787
21564
21521
21194
21641
21789
21300
21291
21068
21353
21567
21966
21585
21197
21740
21285
21421
21424
21105
21761
21463
21876
21595
21533
21146
21938
21199
21454
21671
21248
21658
21431
21804
21937
21010
21756
22000
21313
21503
21035
21946
21307
21085
21049
21823
21855
21851
21446
21508
21153
21220
21168
21877
21218
21245
21347
21039
21575
21786
21537
21749
21724
21074
21408
21985
21649
21767
21943
21242
21506
21914
21121
21110
21984
21902
21554
21296
21600
21022
21727
21917
21327
21048
21739
21456
21006
21276
21351
21711
21597
21334
21525
21582
21208
21816
21273
21241
21944
21211
21041
21289
21534
21084
21176
21174
21859
21814
21354
21148
21826
21963
21526
21587
21487
21714
21342
21644
21195
21271
21362
21488
21572
21806
21997
21666
21077
21381
21267
21778
21177
21701
21228
21762
21839
21318
21166
21127
21201
21175
21668
21912
21619
21665
21394
21091
21052
21024
21908
21071
21601
21104
21462
21565
21896
21592
21820
21004
21422
21995
21909
21560
21555
21138
21252
21540
21187
21377
21427
21008
21040
21865
21017
21055
21685
21959
21709
21060
21418
21748
21577
21964
21913
21095
21570
21864
21029
21625
21574
21083
21689
21279
21345
21256
21415
21076
21097
21569
21458
21580
21887
21843
21215
21469
21030
21742
21688
21629
21457
21331
21269
21553
21118
21239
21384
21156
21346
21200
21301
21373
21335
21444
21802
21226
21566
21136
21333
21559
21092
21051
21927
21656
21386
21149
21428
21798
21961
21847
21078
21524
21322
21275
21089
21272
21790
21234
21125
21842
21157
21811
21825
21460
21883
21722
21663
21306
21949
21183
21046
21413
21549
21340
21698
21439
21535
21759
21019
21957
21350
21128
21683
21184
21599
21400
21738
21669
21752
21453
21594
21929
21198
21274
21288
21776
21437
21965
21998
21623
21367
21895
21934
21939
21299
21723
21900
21151
21058
21102
21516
21758
21974
21485
21848
21690
21653
21899
21142
21697
21858
21210
21012
21987
21768
21845
21509
21926
21438
21977
21135
21603
21044
21233
21332
21646
21677
21069
21250
21397
21930
21196
21911
21114
21713
21869
21237
21611
21094
21266
21519
21737
21983
21667
21492
21262
21967
21368
21703
21403
21411
21691
21856
21547
21270
21948
21182
21158
21999
21598
21733
21777
21704
21203
21679
21557
21975
21702
21101
21993
21005
21992
21219
21588
21015
21073
21139
21801
21225
21192
21108
21193
21065
21918
21160
21960
21794
21222
21132
21042
21861
21919
21434
21162
21827
21154
21729
21080
21846
21449
21734
21255
21075
21027
21406
21081
21639
21973
21879
21700
21788
21618
21298
21205
21780
21505
21189
21699
21696
21906
21556
21308
21293
21216
21380
21057
21352
21531
21510
21112
21261
21901
21388
21395
21660
21894
21059
21034
21867
21541
21773
21123
21171
21910
21672
21465
21161
21152
21324
21863
21374
21259
21626
21705
21812
21921
21031
21357
21613
21530
21207
21317
21661
21781
21475
21932
21231
21573
21835
21610
21935
21316
21451
21432
21893
21890
21392
21928
21800
21315
21099
21402
21179
21942
21808
21886
21423
21989
21523
21086
21087
21131
21769
21931
21550
21608
21450
21819
21178
21889
21715
21232
21461
21785
21552
21971
21605
21511
21016
21502
21783
21795
21732
21011
21803
21678
21243
21507
21710
21001
21532
21675
21246
21070
21583
21493
21760
21635
21459
21956
21447
21517
21498
21356
21563
21287
21292
21730
21473
21792
21868
21283
21323
21401
21383
21578
21892
21375
21257
21468
21130
21440
21501
21113
21224
21494
21640
21558
21947
21782
21891
21304
21061
21884
21310
21169
21033
21976
21500
21286
21904
21109
21103
21303
21430
21254
21020
21165
21622
21336
21072
21062
21662
21546
21817
21940
21645
21648
21982
21718
21021
21491
21882
21481
21636
21596
21936
21712
21319
21467
21470
21214
21544
21857
21496
21365
21840
21159
21337
21774
21396
21258
21240
21514
21791
21202
21387
21522
21369
21962
21682
21302
21426
21372
21188
21134
21436
21435
21854
21018
21687
21837
21562
21581
21746
21638
21050
21213
21032
21082
21880
21163
21147
21038
21172
21905
21684
21181
21314
21584
21797
21680
21616
21755
21116
21676
21339
21429
21054
21390
21191
21770
21771
21692
21002
21539
21297
21897
21063
21955
21643
21775
21391
21706
21305
21878
21003
21361
21708
21209
21096
21363
21410
21393
21822
21366
21079
21443
21815
21504
21064
21720
21382
21920
21518
21398
21167
21107
