18215
18282
18772
18492
18671
18200
18581
18915
18911
18137
18435
18792
18960
18038
18957
18250
18670
18089
18360
18768
18665
18464
18357
18634
18862
18876
18897
18017
18160
18797
18846
18585
18822
18811
18969
18471
18873
18433
18993
18983
18399
18690
18289
18839
18780
18771
18454
18449
18444
18460
18996
18302
18401
18226
18136
18762
18186
18548
18391
18329
18171
18416
18692
18571
18002
18473
18646
18620
18601
18556
18487
18117
18059
18461
18721
18488
18782
18072
18868
18719
18205
18157
18800
18317
18965
18696
18592
18267
18247
18559
18350
18300
18347
18207
18236
18853
18854
18775
18693
18626
18249
18334
18103
18922
18578
18456
18477
18307
18773
18566
18466
18193
18604
18755
18253
18118
18348
18751
18935
18551
18637
18588
18538
18295
18709
18999
18951
18368
18241
18531
18170
18829
18126
18749
18742
18437
18013
18591
18510
18689
18685
18544
18478
18947
18006
18099
18899
18057
18271
18605
18361
18805
18675
18472
18844
18176
18174
18679
18213
18288
18557
18863
18869
18660
18114
18516
18452
18428
18036
18642
18054
18563
18457
18027
18968
18394
18138
18955
18892
18724
18397
18714
18546
18095
18525
18400
18600
18784
18733
18528
18743
18905
18365
18877
18838
18112
18028
18738
18558
18656
18731
18589
18197
18603
18243
18303
18106
18051
18956
18285
18834
18076
18146
18402
18713
18016
18188
18652
18175
18297
18668
18541
18823
18431
18284
18494
18312
18831
18916
18987
18813
18383
18037
18315
18937
18961
18420
18026
18973
18048
18847
18116
18056
18248
18564
18395
18211
18781
18705
18299
18218
18740
18609
18269
18252
18083
18110
18266
18442
18590
18825
18216
18638
18678
18194
18562
18255
18576
18366
18260
18856
18161
18143
18594
18708
18010
18353
18613
18158
18681
18645
18224
18322
18507
18579
18851
18344
18949
18717
18874
18421
18096
18419
18144
18084
18926
18552
18272
18971
18414
18611
18373
18341
18039
18939
18666
18567
18734
18453
18111
18532
18372
18981
18465
18195
18520
18409
18599
18569
18090
18943
18196
18066
18251
18319
18950
18199
18343
18821
18977
18628
18848
18509
18459
18313
18817
18729
18326
18515
18820
18022
18617
18741
18001
18109
18298
18508
18672
18088
18774
18963
18121
18043
18015
18513
18608
18291
18636
18441
18995
18044
18706
18133
18978
18455
18446
18438
18493
18314
18375
18659
18514
18614
18542
18035
18722
18050
18852
18843
18582
18535
18445
18085
18522
18702
18046
18920
18079
18254
18489
18327
18058
18129
18622
18793
18262
18378
18389
18898
18778
18065
18543
18100
18108
18393
18944
18845
18727
18244
18757
18651
18658
18985
18624
18607
18185
18812
18783
18764
18165
18427
18789
18265
18229
18086
18337
18238
18506
18537
18214
18595
18093
18795
18405
18890
18880
18855
18621
18919
18468
18644
18208
18412
18162
18686
18221
18245
18061
18115
18398
18572
18479
18287
18227
18179
18183
18064
18331
18232
18023
18806
18122
18407
18687
18791
18982
18680
18485
18500
18872
18650
18744
18640
18034
18107
18923
18777
18316
18480
18766
18424
18940
18376
18257
18505
18676
18894
18182
18619
18306
18308
18758
18369
18281
18371
18827
18942
18682
18534
18148
18691
18020
18155
18904
18154
18648
18498
18060
18663
18512
18063
18867
18426
18639
18701
18997
18913
18074
18816
18523
18632
18786
18835
18765
18972
18166
18864
18309
18921
18423
18803
18586
18799
18349
18094
18962
18145
18850
18635
18367
18263
18276
18440
18358
18177
18168
18021
18380
18723
18720
18575
18615
18242
18417
18470
18767
18187
18809
18388
18499
18936
18841
18511
18574
18998
18189
18908
18231
18167
18662
18859
18325
18159
18986
18310
18408
18082
18152
18750
18830
18931
18655
18338
18959
18476
18432
18769
18005
18135
18967
18351
18422
18430
18711
18519
18606
18938
18667
18657
18954
18891
18032
18577
18396
18142
18169
18991
18113
18618
18840
18127
18102
18134
18788
18092
18810
18475
18828
18688
18077
18776
18698
18612
18866
18235
18364
18049
18382
18756
18503
18746
18029
18240
18091
18631
18210
18842
18406
18333
18533
18434
18785
18502
18980
18901
18545
18801
18068
18330
18004
18206
18674
18814
18304
18630
18120
18760
18293
18584
18153
18883
18833
18728
18928
18033
18718
18946
18649
18695
18948
18860
18970
18932
18704
18164
18339
18929
18335
18770
18003
18927
18030
18075
18041
18463
18547
18352
18223
18336
18887
18992
18067
18504
18826
18354
18779
18139
18647
18290
18384
18132
18596
18518
18131
18886
18712
18192
18573
18381
18448
18123
18342
18286
18321
18763
18568
18895
18561
18429
18710
18832
18526
18259
18736
18739
18178
18180
18301
18150
18080
18633
18966
18745
18264
18952
18732
18392
18879
18403
18450
18280
18311
18490
18934
18410
19000
18130
18654
18885
18387
18024
18151
18484
18219
18481
18014
18411
18204
18871
18988
18163
18386
18268
18156
18893
18019
18683
18697
18040
18141
18807
18462
18560
18549
18716
18530
18726
18294
18202
18045
18918
18870
18345
18125
18181
18332
18328
18643
18087
18256
18071
18053
18052
18583
18902
18359
18941
18989
18184
18994
18661
18761
18945
18554
18527
18917
18413
18483
18808
18275
18009
18274
18684
18305
18292
18356
18673
18857
18379
18447
18070
18735
18627
18700
18737
18443
18703
18694
18748
18570
18984
18925
18900
18124
18517
18878
18318
18230
18907
18501
18865
18555
18798
18536
18759
18278
18598
18587
18097
18976
18491
18888
18198
18078
18209
18458
18270
18580
18031
18323
18790
18889
18610
18824
18007
18903
18602
18173
18081
18283
18172
18415
18474
18261
18482
18191
18346
18467
18374
18818
18754
18747
18964
18047
18858
18273
18233
18753
18896
18237
18906
18390
18910
18884
18212
18101
18436
18725
18324
18042
18553
18930
18062
18258
18008
18018
18277
18593
18914
18707
18496
18796
18340
18149
18669
18370
18861
18222
18933
18217
18653
18486
18524
18975
18469
18529
18296
18625
18794
18201
18990
18629
18320
18875
18055
18881
18495
18025
18787
18699
18362
18404
18924
18882
18550
18974
18953
18715
18418
18279
18073
18802
18355
18203
18225
18752
18105
18439
18597
18836
18804
18565
18363
18912
18677
18012
18616
18849
18385
18190
18425
18098
18228
18140
18451
18540
18246
18011
18239
18815
18069
18377
18958
18104
18730
18664
18837
18147
18521
18497
18819
18539
18234
18979
18909
18119
18220
18641
18128
18623
