26954
26395
26790
26697
26158
26208
26090
26366
26770
26786
26922
26411
26028
26057
26570
26932
26042
26284
26477
26686
26669
26890
26207
26620
26491
26701
26978
26362
26463
26352
26553
26560
26117
26865
26866
26939
26104
26936
26161
26348
26229
26055
26314
26125
26186
26709
26404
26529
26581
26915
26762
26470
26651
26543
26078
26508
26004
26864
26901
26080
26219
26799
26147
26120
26043
26112
26300
26853
26605
26979
26606
26178
26365
26956
26689
26238
26206
26088
26442
26641
26555
26008
26450
26151
26360
26085
26623
26286
26398
26114
26333
26869
26969
26162
26752
26390
26893
26159
26545
26984
26874
26521
26032
26948
26837
26708
26671
26257
26481
26447
26681
26357
26132
26215
26539
26754
26480
26658
26023
26343
26780
26407
26852
26568
26079
26951
26119
26847
26270
26976
26997
26224
26587
26999
26805
26618
26920
26661
26591
26175
26497
26143
26592
26873
26452
26507
26990
26947
26650
26121
26913
26765
26428
26824
26280
26911
26982
26466
26652
26749
26335
26827
26323
26862
26048
26469
26595
26276
26895
26170
26817
26313
26532
26274
26393
26970
26336
26950
26525
26855
26627
26715
26513
26745
26110
26029
26376
26823
26631
26511
26130
26773
26310
26165
26486
26384
26380
26002
26056
26109
26720
26602
26615
26580
26405
26309
26449
26530
26261
26167
26994
26803
26635
26392
26981
26299
26792
26484
26499
26200
26370
26665
26700
26413
26846
26465
26476
26657
26247
26944
26549
26598
26064
26101
26168
26193
26394
26061
26548
26963
26272
26642
26877
26845
26354
26953
26386
26974
26095
26212
26389
26685
26648
26928
26039
26962
26696
26639
26266
26197
26007
26285
26472
26053
26531
26972
26917
26412
26504
26473
26778
26733
26740
26256
26757
26356
26695
26916
26268
26369
26704
26415
26067
26779
26859
26311
26084
26646
26050
26575
26538
26735
26153
26522
26107
26363
26931
26172
26202
26460
26884
26432
26339
26214
26706
26259
26022
26325
26144
26957
26924
26171
26341
26418
26759
26334
26649
26729
26505
26203
26194
26578
26438
26506
26800
26621
26287
26255
26604
26676
26315
26663
26996
26937
26455
26488
26059
26692
26760
26145
26594
26485
26688
26444
26961
26734
26330
26420
26332
26154
26196
26027
26785
26776
26599
26510
26662
26252
26225
26763
26769
26541
26030
26516
26679
26557
26838
26561
26005
26211
26422
26892
26189
26066
26582
26308
26327
26854
26155
26699
26296
26250
26026
26742
26242
26182
26633
26288
26136
26406
26983
26133
26191
26670
26751
26656
26495
26801
26227
26142
26487
26993
26613
26254
26881
26482
26946
26919
26106
26249
26626
26220
26232
26796
26502
26475
26174
26863
26586
26134
26146
26102
26882
26879
26169
26185
26291
26991
26781
26292
26358
26523
26209
26137
26678
26058
26743
26467
26262
26015
26828
26381
26691
26192
26331
26908
26861
26355
26831
26660
26347
26808
26949
26741
26199
26417
26108
26316
26707
26096
26777
26705
26909
26843
26540
26520
26353
26673
26517
26737
26018
26702
26933
26945
26565
26746
26378
26426
26995
26493
26283
26035
26683
26630
26453
26345
26923
26537
26878
26448
26462
26260
26899
26583
26089
26233
26025
26722
26443
26454
26797
26021
26758
26809
26180
26567
26033
26935
26248
26289
26382
26830
26321
26188
26397
26054
26519
26258
26092
26668
26275
26070
26724
26074
26131
26264
26736
26326
26046
26317
26867
26329
26756
26204
26237
26849
26001
26640
26501
26044
26636
26281
26875
26113
26848
26813
26534
26766
26099
26717
26942
26128
26712
26320
26986
26900
26459
26844
26959
26898
26833
26479
26344
26301
26772
26430
26716
26860
26235
26793
26374
26761
26019
26183
26795
26764
26424
26821
26425
26267
26907
26906
26980
26767
26034
26930
26020
26098
26451
26498
26003
26122
26533
26612
26312
26273
26068
26836
26680
26546
26870
26391
26076
26177
26794
26319
26269
26236
26441
26402
26377
26807
26429
26896
26610
26730
26072
26782
26524
26675
26654
26664
26372
26977
26858
26816
26609
26577
26622
26129
26558
26457
26588
26726
26156
26349
26337
26436
26617
26157
26435
26880
26396
26514
26798
26049
26815
26725
26241
26723
26503
26150
26851
26814
26077
26434
26052
26965
26871
26433
26666
26714
26992
26975
26934
26234
26914
26806
26739
26139
26138
26515
26419
26971
26239
26960
26388
26988
26829
26081
26213
26834
26198
26024
26952
26123
26728
26883
26929
26410
26738
26181
26127
26684
27000
26494
26083
26195
26551
26645
26616
26364
26967
26902
26478
26643
26987
26141
26835
26889
26818
26713
26927
26576
26383
26409
26840
26210
26403
26674
26458
26731
26307
26857
26590
26597
26596
26747
26632
26222
26359
26826
26887
26938
26474
26282
26614
26783
26593
26437
26298
26400
26201
26253
26093
26006
26439
26184
26373
26087
26012
26710
26471
26205
26416
26340
26526
26574
26338
26966
26698
26535
26589
26368
26727
26811
26105
26894
26246
26554
26468
26512
26886
26703
26921
26251
26550
26637
26872
26690
26483
26075
26324
26295
26423
26721
26294
26812
26973
26265
26903
26166
26038
26571
26607
26230
26989
26904
26031
26750
26086
26013
26164
26446
26850
26719
26152
26753
26399
26897
26371
26243
26431
26091
26564
26231
26367
26385
26322
26040
26350
26569
26065
26226
26638
26542
26958
26240
26718
26527
26047
26318
26445
26677
26135
26100
26010
26060
26115
26624
26179
26868
26126
26218
26492
26918
26611
26955
26045
26414
26608
26176
26693
26216
26672
26998
26037
26421
26528
26148
26600
26682
26041
26297
26876
26228
26464
26544
26552
26306
26940
26245
26810
26968
26653
26579
26784
26063
26387
26572
26820
26062
26768
26547
26116
26839
26221
26732
26277
26509
26518
26789
26011
26888
26941
26573
26804
26585
26655
26496
26644
26440
26694
26926
26601
26885
26456
26187
26051
26910
26103
26223
26069
26985
26124
26217
26342
26788
26563
26748
26775
26791
26328
26755
26278
26832
26097
26490
26016
26489
26111
26744
26351
26603
26771
26401
26964
26160
26036
26244
26305
26659
26279
26346
26891
26271
26375
26842
26149
26361
26303
26500
26943
26628
26566
26140
26163
26017
26856
26905
26787
26687
26619
26584
26647
26925
26634
26825
26073
26559
26379
26118
26190
26094
26461
26304
26841
26711
26014
26071
26562
26819
26427
26912
26009
26173
26536
26302
26774
26625
26082
26263
26667
26290
26802
26293
26629
26822
26408
26556
