24306
24118
24056
24260
24945
24417
24063
24619
24108
24246
24556
24859
24412
24255
24516
24659
24698
24146
24334
24119
24779
24885
24313
24667
24897
24259
24756
24471
24853
24215
24404
24847
24459
24758
24345
24808
24529
24071
24914
24805
24930
24697
24986
24876
24273
24712
24802
24534
24186
24270
24507
24736
24573
24549
24591
24774
24997
24933
24857
24766
24767
24969
24964
24570
24521
24059
24140
24835
24009
24563
24517
24571
24191
24086
24148
24343
24733
24968
24623
24022
24817
24110
24908
24635
24995
24362
24813
24677
24513
24167
24557
24654
24344
24910
24506
24482
24830
24646
24276
24083
24917
24840
24363
24637
24722
24434
24752
24202
24339
24352
24233
24783
24670
24124
24407
24759
24445
24021
24592
24750
24943
24296
24144
24797
24006
24543
24102
24375
24328
24944
24983
24502
24127
24552
24687
24564
24347
24948
24863
24508
24727
24371
24489
24988
24603
24662
24087
24057
24399
24188
24896
24353
24900
24125
24605
24867
24305
24437
24337
24418
24462
24143
24841
24533
24525
24928
24432
24013
24522
24324
24084
24586
24755
24789
24476
24942
24491
24955
24067
24869
24780
24899
24784
24426
24449
24865
24032
24242
24617
24265
24279
24551
24094
24574
24641
24505
24621
24715
24311
24018
24097
24463
24656
24101
24290
24415
24112
24975
24025
24494
24746
24993
24790
24461
24936
24174
24092
24794
24275
24906
24350
24043
24320
24770
24568
24201
24887
24681
24648
24351
24230
24172
24970
24397
25000
24425
24684
24199
24010
24569
24567
24329
24723
24161
24584
24370
24708
24292
24133
24555
24772
24685
24036
24550
24069
24300
24728
24838
24175
24185
24470
24358
24958
24219
24582
24096
24001
24615
24464
24184
24874
24456
24182
24518
24577
24911
24894
24269
24452
24668
24788
24454
24692
24778
24963
24660
24232
24937
24642
24961
24640
24726
24251
24136
24197
24630
24496
24771
24213
24332
24263
24775
24477
24138
24210
24785
24183
24878
24012
24373
24272
24165
24256
24782
24206
24866
24245
24745
24657
24651
24153
24971
24672
24457
24818
24479
24228
24335
24487
24721
24965
24962
24460
24135
24074
24748
24846
24856
24299
24595
24252
24707
24326
24926
24624
24180
24450
24919
24801
24448
24761
24089
24037
24064
24751
24523
24776
24843
24447
24795
24424
24117
24858
24304
24443
24816
24163
24652
24286
24291
24249
24395
24264
24593
24229
24585
24020
24349
24235
24973
24429
24633
24267
24078
24441
24520
24918
24114
24594
24208
24822
24631
24850
24258
24537
24247
24466
24327
24420
24062
24665
24754
24193
24321
24503
24798
24610
24720
24540
24478
24538
24691
24819
24160
24743
24033
24385
24987
24527
24383
24168
24015
24079
24676
24220
24354
24130
24171
24166
24212
24121
24913
24683
24528
24474
24360
24884
24781
24762
24861
24893
24028
24972
24107
24925
24653
24436
24323
24145
24888
24364
24234
24590
24618
24046
24173
24500
24561
24308
24369
24871
24405
24147
24244
24103
24205
24952
24366
24492
24271
24627
24892
24225
24314
24209
24129
24730
24377
24422
24019
24284
24151
24545
24974
24891
24002
24298
24077
24558
24742
24731
24409
24237
24142
24845
24747
24262
24391
24716
24696
24490
24883
24030
24501
24606
24104
24907
24388
24465
24005
24823
24468
24880
24396
24195
24159
24643
24048
24714
24565
24091
24023
24960
24912
24864
24985
24044
24389
24278
24379
24217
24812
24277
24128
24881
24040
24137
24274
24806
24956
24957
24700
24852
24109
24374
24378
24741
24504
24390
24493
24011
24904
24430
24644
24446
24355
24431
24705
24870
24693
24398
24979
24042
24868
24922
24613
24786
24589
24796
24535
24483
24368
24674
24401
24562
24547
24658
24532
24029
24060
24587
24414
24090
24777
24495
24207
24821
24198
24614
24929
24898
24753
24536
24702
24411
24682
24068
24699
24285
24575
24769
24380
24583
24991
24764
24189
24179
24231
24717
24688
24365
24218
24634
24655
24740
24072
24768
24458
24664
24158
24860
24190
24839
24266
24170
24088
24539
24157
24738
24438
24317
24054
24400
24141
24287
24572
24455
24294
24082
24149
24319
24111
24066
24250
24070
24403
24196
24814
24045
24844
24240
24632
24980
24421
24832
24807
24318
24435
24872
24939
24588
24901
24333
24862
24724
24402
24386
24989
24204
24310
24341
24222
24546
24510
24695
24921
24966
24718
24773
24099
24826
24950
24509
24599
24113
24542
24600
24342
24433
24253
24647
24081
24601
24003
24719
24132
24475
24836
24938
24531
24123
24620
24393
24451
24666
24604
24596
24293
24372
24453
24214
24763
24392
24150
24809
24224
24169
24875
24098
24427
24176
24381
24920
24047
24940
24394
24679
24336
24526
24994
24031
24423
24416
24849
24340
24628
24636
24953
24194
24999
24530
24732
24254
24559
24241
24934
24851
24626
24289
24829
24625
24216
24139
24981
24675
24824
24935
24154
24996
24282
24155
24357
24886
24382
24316
24442
24511
24612
24951
24498
24713
24827
24579
24444
24554
24473
24834
24514
24024
24984
24931
24181
24524
24467
24749
24638
24977
24902
24051
24915
24387
24704
24034
24598
24367
24325
24100
24499
24413
24710
24052
24488
24041
24671
24661
24384
24923
24312
24744
24283
24164
24810
24792
24947
24711
24927
24909
24187
24322
24855
24833
24268
24765
24131
24073
24895
24261
24611
24376
24192
24602
24597
24297
24004
24007
24105
24804
24811
24200
24017
24709
24649
24469
24177
24134
24905
24916
24982
24650
24301
24877
24890
24315
24050
24346
24578
24608
24226
24541
24616
24281
24484
24757
24686
24331
24793
24211
24223
24515
24825
24428
24065
24248
24941
24739
24954
24058
24580
24309
24080
24288
24678
24882
24419
24008
24016
24075
24854
24799
24924
24361
24243
24408
24544
24576
24903
24990
24295
24307
24689
24440
24038
24014
24055
24848
24348
24889
24837
24221
24236
24106
24227
24566
24486
24645
24629
24093
24239
24820
24519
24035
24485
24701
24976
24053
24120
24338
24039
24842
24330
24706
24609
24729
24356
24481
24085
24152
24548
24690
24873
24162
24949
24787
24512
24581
24203
24497
24026
24791
24280
24115
24553
24800
24663
24257
24737
24735
24607
24302
24622
24831
24992
24669
24703
24803
24959
24725
24472
24673
24049
24178
24815
24760
24116
24879
24680
24734
24156
24694
24238
24560
24303
24095
24076
24122
24828
24480
24639
24410
24359
24978
24932
24061
24946
24027
24967
24126
24439
24998
24406
