16736
16205
16506
16230
16486
16294
16171
16940
16608
16889
16978
16108
16224
16081
16716
16783
16825
16233
16172
16252
16876
16327
16012
16190
16295
16495
16261
16422
16515
16290
16556
16666
16092
16973
16529
16962
16470
16407
16924
16042
16762
16849
16222
16717
16653
16459
16731
16891
16061
16352
16365
16214
16601
16097
16734
16605
16318
16166
16243
16630
16948
16679
16021
16874
16528
16378
16782
16447
16800
16669
16110
16718
16583
16657
16525
16884
16055
16188
16118
16544
16934
16356
16370
16829
16380
16184
16158
16524
16059
16256
16078
16815
16895
16400
16157
16956
16334
16142
16557
16325
16532
16534
16036
16260
16883
16649
16359
16788
16890
16106
16275
16989
16610
16560
16816
16756
16920
16647
16855
16395
16115
16458
16654
16676
16516
16291
16304
16194
16448
16877
16244
16041
16350
16778
16300
16144
16697
16576
16530
16519
16596
16644
16182
16270
16700
16799
16894
16402
16793
16987
16738
16646
16273
16960
16129
16975
16686
16618
16707
16538
16025
16366
16408
16105
16599
16351
16600
16363
16240
16278
16153
16623
16814
16862
16563
16944
16332
16388
16323
16744
16858
16026
16212
16480
16418
16376
16088
16950
16259
16568
16553
16071
16326
16074
16308
16579
16779
16336
16585
16842
16220
16588
16836
16249
16643
16239
16627
16723
16263
16969
16046
16482
16968
16832
16343
16645
16322
16255
16126
16885
16751
16307
16650
16598
16333
16474
16903
16785
16656
16353
16368
16175
16887
16019
16682
16564
16301
16145
16266
16952
16382
16559
16312
16223
16424
16912
16330
16151
16314
16434
16909
16547
16047
16466
16462
16527
16820
16009
16039
16425
16135
16866
16156
16201
16740
16453
16117
16769
16746
16733
16390
16694
16595
16558
16742
16132
16658
16338
16415
16438
16204
16659
16203
16215
16933
16503
16197
16403
16178
16143
16234
16478
16362
16580
16943
16396
16083
16167
16861
16991
16888
16420
16857
16371
16677
16724
16720
16551
16387
16200
16917
16269
16456
16911
16397
16692
16977
16094
16111
16701
16626
16702
16725
16865
16169
16511
16672
16494
16493
16824
16518
16471
16667
16113
16419
16708
16219
16148
16915
16611
16581
16804
16161
16902
16711
16401
16107
16093
16007
16688
16112
16942
16496
16357
16947
16509
16591
16622
16347
16863
16360
16302
16813
16340
16342
16875
16344
16521
16087
16999
16405
16792
16423
16652
16757
16412
16554
16303
16886
16253
16426
16715
16414
16017
16128
16096
16569
16436
16719
16191
16508
16864
16305
16442
16411
16138
16914
16109
16848
16764
16621
16549
16507
16051
16504
16119
16573
16526
16633
16791
16640
16045
16801
16488
16077
16199
16409
16728
16004
16282
16349
16671
16945
16603
16577
16257
16533
16068
16522
16843
16852
16784
16379
16321
16752
16085
16063
16228
16440
16076
16281
16810
16280
16073
16821
16781
16546
16274
16726
16206
16635
16868
16310
16967
16976
16881
16929
17000
16768
16567
16710
16065
16140
16354
16079
16013
16439
16543
16485
16631
16542
16505
16189
16575
16510
16958
16433
16981
16060
16548
16185
16545
16685
16477
16231
16880
16086
16851
16479
16807
16463
16712
16910
16660
16075
16460
16050
16565
16069
16052
16808
16928
16392
16149
16687
16404
16090
16641
16931
16443
16268
16951
16562
16609
16748
16500
16520
16284
16058
16067
16465
16896
16070
16867
16612
16727
16221
16032
16946
16027
16761
16375
16101
16258
16892
16663
16941
16923
16537
16774
16225
16809
16755
16180
16084
16267
16245
16386
16160
16207
16984
16550
16970
16385
16292
16155
16597
16696
16163
16772
16678
16617
16005
16271
16936
16053
16457
16229
16498
16624
16297
16797
16218
16770
16134
16445
16114
16796
16954
16213
16513
16481
16279
16996
16871
16629
16994
16979
16393
16192
16147
16056
16898
16823
16811
16428
16900
16662
16072
16487
16080
16429
16713
16780
16844
16121
16737
16367
16674
16098
16277
16242
16879
16492
16541
16066
16971
16636
16680
16437
16919
16468
16248
16512
16319
16729
16988
16133
16765
16906
16306
16122
16416
16972
16238
16417
16022
16908
16024
16625
16288
16095
16589
16916
16578
16690
16932
16064
16949
16399
16743
16461
16869
16964
16003
16168
16961
16531
16570
16193
16469
16604
16699
16882
16028
16446
16008
16286
16771
16348
16966
16637
16335
16980
16187
16048
16587
16845
16176
16331
16006
16100
16309
16818
16675
16475
16826
16620
16634
16759
16484
16665
16491
16251
16741
16787
16441
16146
16030
16264
16998
16983
16536
16691
16830
16250
16421
16011
16703
16955
16802
16795
16276
16602
16124
16853
16383
16572
16209
16034
16995
16753
16174
16615
16721
16953
16450
16427
16211
16584
16835
16735
16616
16850
16247
16501
16091
16847
16732
16921
16315
16997
16123
16689
16957
16313
16859
16613
16704
16648
16878
16029
16839
16750
16794
16208
16431
16320
16341
16467
16651
16125
16394
16606
16049
16827
16935
16758
16938
16241
16372
16137
16391
16089
16364
16673
16217
16246
16196
16316
16452
16918
16116
16965
16328
16037
16002
16177
16216
16010
16586
16773
16329
16170
16897
16614
16254
16130
16287
16628
16236
16555
16374
16939
16539
16035
16502
16384
16913
16210
16803
16722
16838
16860
16040
16398
16298
16346
16102
16817
16819
16670
16982
16566
16698
16805
16198
16265
16985
16786
16139
16186
16237
16870
16018
16150
16684
16789
16299
16272
16523
16517
16389
16449
16430
16361
16590
16015
16760
16345
16571
16464
16535
16706
16749
16033
16927
16926
16986
16963
16293
16232
16001
16655
16540
16082
16454
16355
16592
16289
16043
16777
16574
16285
16905
16377
16173
16472
16473
16337
16754
16044
16693
16499
16131
16226
16681
16136
16476
16893
16904
16552
16714
16444
16062
16638
16296
16339
16607
16937
16262
16856
16103
16661
16057
16846
16619
16907
16227
16812
16798
16840
16373
16831
16872
16745
16406
16014
16455
16834
16990
16179
16099
16959
16775
16489
16283
16181
16369
16668
16582
16594
16410
16435
16183
16695
16016
16497
16992
16925
16739
16324
16828
16020
16031
16901
16763
16822
16038
16561
16766
16127
16767
16837
16195
16806
16664
16854
16023
16120
16899
16747
16483
16152
16705
16490
16381
16164
16235
16683
16593
16930
16054
16922
16709
16413
16104
16514
16162
16317
16873
16451
16639
16311
16358
16790
16776
16974
16154
16833
16632
16993
16841
16432
16165
16202
16642
16730
16159
16141
