9173
9347
9846
9468
9399
9408
9144
9042
9769
9113
9710
9414
9208
9838
9488
9680
9405
9306
9102
9716
9471
9866
9902
9246
9032
9536
9549
9385
9470
9596
9251
9325
9864
9293
9486
9742
9481
9184
9393
9227
9229
9309
9604
9835
9446
9938
9939
9260
9169
9299
9291
9977
9576
9640
9168
9083
9955
9015
9059
9104
9110
9554
9529
9106
9978
9013
9413
9644
9998
9254
9790
9989
9737
9829
9782
9080
9739
9419
9135
9901
9845
9556
9365
9740
9548
9816
9204
9046
9326
9109
9292
9696
9077
9476
9730
9827
9198
9498
9615
9707
9834
9147
9098
9813
9356
9520
9541
9342
9497
9929
9038
9996
9490
9692
9430
9828
9635
9478
9654
9980
9933
9253
9171
9177
9687
9324
9569
9270
9561
9242
9003
9752
9509
9063
9088
9467
9384
9794
9222
9888
9909
9951
9986
9477
9240
9927
9061
9157
9940
9566
9303
9676
9230
9193
9678
9456
9587
9391
9210
9271
9854
9629
10000
9047
9613
9060
9853
9663
9679
9915
9715
9713
9946
9651
9621
9320
9248
9086
9400
9142
9625
9264
9269
9043
9508
9681
9386
9451
9455
9912
9823
9129
9833
9865
9334
9772
9630
9284
9684
9465
9563
9585
9784
9666
9917
9436
9598
9305
9610
9993
9054
9052
9095
9975
9358
9406
9648
9226
9081
9907
9390
9722
9633
9175
9363
9458
9165
9530
9941
9327
9945
9258
9683
9372
9201
9041
9019
9031
9410
9793
9401
9751
9021
9006
9728
9182
9601
9389
9723
9082
9961
9589
9487
9999
9534
9820
9650
9472
9279
9027
9503
9766
9602
9774
9857
9792
9746
9103
9562
9626
9317
9321
9346
9180
9698
9161
9023
9528
9914
9512
9922
9527
9905
9200
9422
9775
9337
9261
9673
9330
9092
9936
9328
9764
9332
9724
9513
9983
9460
9991
9893
9359
9871
9609
9492
9703
9001
9809
9209
9051
9505
9655
9424
9653
9757
9588
9097
9843
9050
9686
9957
9711
9753
9636
9194
9597
9058
9216
9688
9859
9297
9162
9720
9783
9916
9143
9778
9763
9185
9608
9170
9762
9885
9331
9642
9704
9273
9551
9506
9700
9281
9634
9572
9036
9637
9944
9898
9906
9315
9839
9302
9115
9658
9220
9228
9461
9994
9128
9466
9738
9539
9205
9480
9394
9313
9799
9484
9166
9433
9750
9670
9223
9091
9474
9976
9869
9441
9573
9952
9899
9440
9354
9758
9065
9202
9731
9645
9310
9690
9879
9555
9643
9090
9701
9045
9024
9188
9877
9172
9870
9759
9546
9781
9278
9239
9714
9283
9702
9350
9094
9079
9968
9768
9130
9009
9234
9367
9883
9089
9776
9593
9044
9552
9290
9360
9266
9908
9958
9524
9987
9974
9802
9233
9323
9296
9631
9817
9570
9374
9040
9803
9850
9241
9668
9434
9012
9649
9932
9785
9048
9146
9571
9295
9614
9822
9362
9211
9412
9056
9705
9366
9407
9500
9329
9319
9141
9035
9736
9259
9664
9121
9826
9659
9718
9275
9131
9599
9807
9114
9028
9122
9540
9107
9376
9199
9887
9379
9876
9469
9510
9903
9307
9960
9218
9560
9428
9033
9685
9900
9179
9191
9507
9026
9719
9825
9196
9137
9277
9345
9312
9053
9057
9665
9140
9579
9674
9717
9415
9398
9743
9749
9919
9733
9155
9962
9537
9267
9250
9727
9285
9449
9661
9618
9221
9928
9699
9657
9294
9564
9105
9988
9116
9502
9810
9454
9111
9149
9435
9420
9084
9921
9049
9062
9423
9339
9187
9136
9847
9499
9641
9531
9445
9265
9726
9880
9689
9748
9591
9735
9029
9348
9112
9517
9442
9559
9280
9547
9965
9344
9439
9085
9190
9550
9771
9282
9844
9055
9154
9355
9568
9156
9675
9272
9151
9647
9318
9034
9741
9409
9349
9427
9475
9964
9920
9371
9005
9580
9341
9918
9181
9577
9840
9247
9595
9779
9174
9632
9145
9178
9076
9316
9804
9219
9491
9600
9404
9249
9973
9493
9795
9934
9884
9558
9030
9841
9851
9096
9706
9426
9119
9805
9911
9592
9770
9167
9453
9443
9396
9438
9418
9066
9473
9207
9432
9586
9910
9304
9093
9452
9276
9662
9138
9935
9008
9966
9886
9464
9744
9890
9186
9087
9011
9206
9070
9656
9538
9370
9842
9818
9351
9099
9767
9298
9214
9830
9545
9150
9074
9158
9761
9338
9878
9525
9721
9437
9286
9483
9160
9623
9064
9872
9972
9861
9773
9425
9368
9896
9755
9691
9565
9582
9574
9889
9992
9018
9607
9397
9017
9622
9336
9867
9894
9732
9429
9519
9139
9979
9340
9882
9252
9244
9002
9308
9583
9725
9100
9164
9860
9982
9815
9963
9395
9069
9343
9197
9073
9383
9875
9747
9511
9311
9268
9937
9734
9133
9669
9954
9016
9123
9515
9238
9375
9995
9494
9514
9985
9789
9153
9482
9462
9189
9335
9373
9855
9127
9236
9353
9897
9402
9780
9904
9837
9603
9118
9287
9263
9380
9504
9832
9495
9990
9605
9224
9352
9039
9403
9956
9862
9301
9709
9120
9590
9930
9639
9411
9333
9984
9881
9126
9796
9797
9787
9152
9022
9895
9760
9225
9388
9892
9416
9765
9532
9544
9800
9014
9387
9756
9729
9192
9619
9581
9931
9672
9010
9444
9431
9217
9392
9322
9101
9971
9950
9620
9811
9518
9072
9450
9496
9037
9671
9163
9611
9677
9708
9754
9068
9289
9891
9617
9947
9745
9824
9256
9078
9255
9448
9953
9176
9557
9831
9501
9203
9378
9697
9852
9627
9542
9075
9594
9967
9257
9786
9798
9357
9926
9943
9025
9125
9148
9237
9535
9836
9004
9970
9575
9243
9624
9117
9849
9868
9007
9667
9578
9382
9447
9262
9694
9553
9808
9300
9791
9848
9417
9873
9652
9695
9108
9314
9942
9124
9863
9381
9457
9195
9526
9788
9913
9489
9421
9463
9132
9521
9819
9660
9183
9682
9806
9646
9459
9801
9616
9584
9479
9693
9361
9071
9712
9232
9067
9215
9288
9997
9245
9567
9777
9516
9159
9522
9856
9925
9533
9923
9134
9959
9364
9377
9235
9981
9020
9274
9213
9523
9369
9606
9612
9638
9874
9948
9212
9628
9812
9231
9821
9949
9858
9543
9485
9969
9814
9924
