3876
3646
3712
3753
3045
3004
3058
3984
4000
3250
3738
3619
3585
3172
3436
3772
3920
3323
3121
3275
3975
3424
3736
3397
3076
3754
3860
3399
3536
3008
3954
3566
3019
3224
3244
3296
3391
3360
3568
3622
3833
3386
3766
3840
3922
3520
3722
3650
3816
3758
3839
3167
3859
3255
3006
3452
3075
3064
3441
3549
3503
3147
3661
3988
3774
3510
3411
3527
3336
3726
3049
3276
3322
3266
3809
3884
3418
3986
3895
3819
3273
3785
3822
3697
3327
3991
3189
3834
3022
3888
3256
3127
3092
3052
3456
3821
3932
3303
3818
3605
3725
3269
3714
3217
3720
3406
3393
3594
3573
3951
3434
3320
3151
3470
3308
3090
3953
3551
3023
3523
3390
3450
3985
3153
3541
3981
3142
3132
3913
3873
3897
3161
3695
3218
3046
3249
3625
3797
3351
3357
3584
3479
3688
3361
3606
3283
3228
3401
3649
3394
3914
3618
3403
3469
3552
3379
3635
3967
3617
3880
3032
3184
3709
3122
3698
3235
3453
3072
3908
3102
3631
3815
3776
3287
3626
3898
3459
3017
3522
3994
3608
3593
3014
3237
3621
3493
3546
3429
3342
3624
3643
3057
3613
3163
3634
3841
3779
3375
3910
3558
3965
3126
3425
3942
3881
3851
3162
3216
3592
3656
3485
3727
3737
3869
3210
3936
3941
3203
3382
3574
3706
3939
3872
3587
3051
3562
3048
3141
3653
3099
3696
3029
3659
3472
3923
3078
3705
3433
3701
3874
3741
3404
3487
3083
3214
3550
3678
3395
3388
3374
3521
3844
3279
3937
3748
3825
3972
3188
3457
3747
3074
3763
3081
3575
3215
3770
3905
3806
3539
3906
3933
3853
3554
3478
3526
3316
3120
3508
3158
3415
3828
3165
3498
3894
3108
3731
3752
3689
3694
3302
3964
3971
3662
3166
3464
3502
3645
3623
3056
3677
3446
3630
3230
3690
3117
3979
3863
3193
3674
3177
3724
3868
3670
3318
3960
3294
3069
3824
3925
3465
3669
3668
3096
3854
3807
3862
3369
3740
3031
3732
3627
3532
3194
3879
3106
3080
3471
3050
3577
3679
3416
3855
3998
3795
3957
3062
3274
3365
3843
3354
3005
3130
3877
3054
3292
3234
3481
3826
3088
3183
3676
3647
3329
3225
3808
3339
3198
3745
3335
3272
3460
3223
3209
3408
3140
3359
3221
3197
3557
3570
3974
3173
3187
3987
3792
3400
3682
3212
3055
3683
3448
3297
3496
3265
3101
3462
3598
3380
3578
3455
3200
3134
3755
3091
3680
3946
3012
3426
3068
3671
3517
3579
3133
3383
3944
3349
3204
3990
3016
3556
3370
3842
3105
3326
3883
3268
3079
3789
3319
3870
3137
3396
3567
3700
3059
3956
3447
3540
3143
3569
3900
3675
3241
3324
3159
3711
3652
3238
3820
3442
3651
3168
3332
3195
3591
3827
3798
3227
3260
3704
3628
3263
3596
3547
3849
3378
3762
3580
3997
3764
3409
3466
3992
3739
3363
3589
3838
3036
3856
3333
3154
3492
3118
3169
3935
3348
3693
3938
3976
3295
3144
3313
3185
3178
3299
3376
3233
3581
3208
3025
3035
3196
3139
3104
3009
3629
3288
3164
3315
3513
3769
3131
3280
3892
3644
3325
3476
3114
3642
3385
3926
3636
3959
3886
3802
3103
3093
3924
3438
3494
3150
3915
3663
3128
3314
3190
3239
3179
3264
3528
3948
3885
3300
3563
3148
3420
3966
3149
3281
3947
3111
3155
3431
3614
3347
3343
3317
3309
3257
3534
3267
3377
3742
3545
3248
3109
3582
3474
3125
3878
3291
3454
3846
3912
3085
3258
3524
3245
3087
3765
3489
3156
3889
3157
3632
3561
3796
3544
3034
3427
3610
3259
3681
3507
3298
3305
3911
3285
3367
3468
3810
3667
3371
3858
3042
3028
3961
3864
3511
3929
3220
3902
3226
3718
3020
3713
3500
3751
3919
3443
3191
3640
3419
3254
3691
3927
3146
3962
3304
3995
3638
3207
3070
3451
3124
3160
3728
3430
3519
3261
3787
3616
3538
3152
3174
3483
3537
3717
3277
3977
3686
3847
3729
3571
3749
3746
3247
3350
3171
3543
3514
3413
3516
3015
3417
3341
3637
3176
3654
3904
3767
3658
3506
3432
3135
3119
3473
3073
3422
3362
3533
3783
3115
3373
3013
3812
3899
3232
3410
3449
3384
3107
3480
3917
3387
3366
3685
3110
3097
3687
3887
3340
3945
3963
3038
3756
3175
3484
3240
3270
3353
3065
3501
3655
3771
3983
3918
3572
3750
3775
3007
3136
3603
3071
3660
3402
3392
3800
3934
3734
3702
3027
3867
3405
3710
3780
3505
3931
3857
3330
3943
3229
3831
3882
3043
3707
3968
3444
3289
3595
3803
3170
3421
3950
3542
3047
3518
3597
3113
3768
3100
3458
3970
3788
3871
3641
3192
3909
3306
3282
3782
3018
3555
3060
3708
3529
3586
3791
3777
3865
3002
3311
3576
3600
3445
3331
3829
3512
3730
3639
3461
3781
3599
3368
3477
3692
3973
3980
3044
3793
3564
3744
3495
3672
3837
3095
3996
3428
3993
3565
3609
3066
3891
3978
3850
3414
3138
3836
3307
3334
3021
3657
3242
3145
3848
3278
3098
3982
3086
3666
3940
3312
3310
3475
3928
3286
3301
3817
3786
3364
3344
3482
3463
3811
3389
3011
3358
3488
3721
3213
3845
3930
3199
3211
3715
3716
3026
3703
3852
3535
3040
3061
3251
3999
3733
3293
3633
3346
3735
3435
3094
3804
3222
3588
3467
3830
3773
3664
3491
3620
3037
3440
3381
3201
3699
3053
3612
3509
3355
3033
3321
3271
3590
3084
3123
3958
3499
3665
3648
3759
3861
3743
3407
3684
3548
3530
3246
3615
3231
3583
3559
3356
3832
3969
3560
3063
3116
3719
3515
3041
3896
3003
3903
3181
3801
3602
3611
3338
3601
3955
3412
3760
3423
3001
3784
3814
3253
3077
3082
3486
3907
3835
3790
3205
3778
3180
3129
3039
3531
3284
3439
3290
3497
3794
3813
3901
3243
3916
3805
3345
3949
3252
3186
3823
3490
3202
3921
3607
3673
3067
3866
3989
3337
3112
3398
3525
3206
3893
3757
3875
3262
3799
3890
3010
3761
3236
3219
3604
3030
3352
3504
3952
3024
3372
3553
3437
3182
3089
3328
3723
