8993
8698
8608
8155
8065
8356
8516
8876
8617
8464
8945
8414
8677
8144
8858
8415
8887
8100
8538
8926
8094
8353
8362
8489
8103
8859
8763
8462
8083
8905
8348
8554
8472
8967
8435
8901
8866
8054
8886
8085
8836
8427
8197
8819
8211
8686
8138
8254
8279
8037
8679
8535
8737
8714
8877
8723
8391
8135
8936
8862
8600
8072
8570
8074
8728
8638
8059
8409
8352
8404
8968
8044
8136
8297
8773
8687
8590
8125
8811
8515
8558
8200
8190
8944
8419
8513
8588
8256
8488
8361
8365
8173
8802
8139
8567
8334
8956
8304
8428
8830
8460
8929
8758
8568
8732
8880
8223
8322
8813
8088
8276
8911
8262
8154
8047
8148
8832
8163
8867
8721
8856
8114
8692
8693
8505
8458
8207
8953
8778
8874
8769
8035
8996
8308
8360
8822
8007
8345
8621
8961
8055
8145
8229
8882
8975
8363
8636
8395
8657
8378
8437
8750
8002
8897
8803
8249
8689
8307
8499
8116
8523
8432
8493
8528
8447
8884
8857
8257
8795
8287
8772
8029
8731
8931
8457
8225
8442
8252
8917
8988
8815
8314
8343
8697
8563
8753
8852
8900
8189
8346
8444
8438
8709
8963
8979
8470
8140
8958
8073
8181
8112
8596
8691
8550
8501
8036
8842
8183
8233
8067
8459
8634
8978
8703
8186
8818
8964
8943
8906
8209
8601
8933
8236
8403
8192
8267
8586
8875
8434
8521
8594
8868
8885
8986
8710
8794
8220
8695
8676
8479
8781
8591
8338
8284
8500
8467
8369
8127
8609
8061
8990
8613
8040
8889
8981
8429
8730
8290
8445
8355
8017
8932
8663
8744
8129
8797
8960
8915
8524
8994
8869
8894
8203
8903
8511
8918
8534
8221
8045
8078
8650
8828
8971
8850
8615
8713
8863
8533
8008
8291
8087
8597
8242
8071
8809
8946
8440
8734
8765
8522
8001
8264
8525
8298
8729
8532
8022
8838
8684
8327
8426
8081
8610
8243
8578
8902
8510
8620
8394
8191
8557
8998
8681
8504
8282
8938
8175
8278
8042
8791
8545
8652
8487
8283
8712
8492
8215
8193
8808
8908
8989
8805
8093
8934
8086
8454
8992
8581
8248
8580
8289
8043
8325
8167
8214
8509
8840
8126
8212
8939
8619
8954
8206
8471
8305
8801
8292
8205
8497
8670
8653
8326
8386
8370
8123
8782
8962
8726
8835
8153
8582
8132
8095
8099
8202
8694
8295
8812
8720
8383
8331
8407
8579
8776
8707
8359
8046
8616
8312
8466
8443
8612
8451
8317
8227
8798
8503
8481
8974
8999
8120
8272
8656
8793
8604
8662
8275
8075
8469
8923
8855
8296
8235
8048
8785
8092
8635
8012
8115
8910
8983
8137
8719
8302
8377
8775
8680
8199
8146
8668
8787
8760
8368
8688
8089
8739
8016
8592
8957
8080
8231
8030
8549
8777
8527
8848
8735
8176
8821
8873
8245
8128
8180
8274
8920
8028
8084
8546
8717
8844
8165
8655
8520
8023
8106
8026
8098
8405
8942
8456
8671
8514
8502
8633
8473
8349
8147
8130
8559
8379
8810
8854
8647
8452
8740
8512
8618
8788
8178
8482
8845
8766
8977
8385
8892
8661
8537
8417
8411
8973
8599
8742
8746
8110
8159
8201
8715
8134
8358
8309
8674
8076
8097
8605
8841
8924
8247
8366
8762
8761
8716
8194
8218
8230
8208
8015
8667
8899
8336
8847
8399
8757
8995
8198
8013
8984
8402
8560
8057
8060
8643
8217
8860
8576
8003
8751
8562
8077
8117
8800
8804
8748
8034
8177
8904
8872
8622
8704
8387
8033
8708
8450
8784
8400
8277
8584
8925
8985
8149
8870
8517
8976
8105
8259
8070
8941
8508
8542
8204
8330
8062
8540
8955
8722
8122
8743
8607
8823
8410
8052
8789
8196
8690
8441
8263
8507
8320
8539
8376
8644
8891
8476
8738
8318
8701
8150
8187
8250
8357
8260
8837
8566
8341
8602
8895
8544
8188
8319
8184
8384
8572
8614
8408
8068
8666
8474
8774
8843
8246
8066
8658
8174
8678
8224
8914
8485
8449
8393
8659
8631
8519
8313
8096
8285
8888
8543
8531
8169
8682
8970
8529
8219
8745
8051
8113
8768
8381
8490
8571
8063
8824
8864
8623
8439
8935
8244
8696
8354
8340
8664
8090
8796
8372
8261
8930
8829
8555
8079
8642
8316
8380
8133
8255
8486
8281
8551
8170
8786
8342
8839
8700
8210
8913
8928
8909
8294
8265
8131
8853
8665
8611
8303
8997
8851
8833
8021
8912
8306
8907
8603
8530
8039
8627
8364
8050
8630
8825
8771
8641
8574
8310
8475
8253
8006
8111
8637
8672
8389
8806
8865
8496
8323
8157
8182
8082
8024
8258
8483
8952
8293
8280
8879
8548
8575
8416
8390
8461
8972
8893
8541
8770
8119
8121
8649
8425
8371
8951
8764
8299
8004
8234
8286
8433
8922
8561
8421
8397
8161
8654
8237
8179
8937
8010
8628
8101
8018
8446
8266
8164
8107
8333
8660
8816
8463
8807
8053
8556
8959
8216
8982
8374
8172
8347
8109
8480
8143
8424
8455
8817
8241
8228
8477
8168
8056
8526
8392
8606
8783
8625
8448
8565
8991
8792
8422
8027
8890
8396
8569
8780
8038
8484
8587
8683
8152
8506
8752
8335
8041
8478
8104
8747
8436
8595
8195
8940
8108
8702
8755
8238
8418
8332
8232
8009
8814
8158
8831
8270
8685
8032
8011
8373
8577
8412
8151
8240
8947
8160
8632
8166
8324
8759
8102
8965
8014
8878
8406
8718
8927
8552
8118
8005
8388
8251
8883
8736
8675
8049
8413
8301
8896
8573
8651
8351
8498
8375
8350
8629
8640
8401
8767
8898
9000
8919
8916
8321
8624
8141
8423
8058
8300
8495
8031
8706
8288
8020
8185
8881
8311
8756
8222
8468
8820
8849
8705
8156
8367
8269
8749
8834
8639
8339
8585
8790
8091
8064
8491
8949
8987
8966
8589
8213
8626
8826
8025
8871
8453
8162
8494
8969
8268
8465
8948
8861
8337
8741
8124
8799
8921
8711
8518
8547
8553
8645
8673
8564
8754
8980
8827
8329
8950
8724
8593
8069
8669
8583
8226
8019
8646
8431
8733
8328
8171
8727
8536
8344
8239
8420
8699
8779
8273
8430
8382
8598
8398
8846
8648
8315
8142
8271
8725
