5818
5018
5689
5312
5634
5243
5261
5565
5420
5655
5701
5136
5890
5812
5077
5688
5323
5263
5034
5488
5463
5428
5139
5840
5109
5453
5835
5443
5013
5666
5418
5669
5616
5986
5911
5385
5386
5408
5360
5031
5694
5578
5820
5412
5011
5382
5236
5300
5194
5341
5037
5858
5643
5331
5019
5900
5152
5342
5757
5250
5169
5065
5811
5417
5114
5972
5041
5334
5406
5326
5603
5505
5692
5635
5499
5174
5146
5546
5218
5968
5449
5915
5718
5847
5362
5487
5924
5844
5144
5262
5451
5407
5956
5901
5667
5959
5509
5548
5489
5364
5934
5389
5414
5121
5866
5442
5051
5052
5751
5359
5679
5868
5253
5544
5714
5444
5953
5658
5676
5733
5112
5841
5801
5162
5340
5234
5171
5561
5877
5896
5241
5935
5411
5392
5456
5795
5448
5728
5576
5206
5687
5348
5719
5996
5680
5282
5970
5614
5753
5086
5216
5053
5842
5346
5157
5906
5040
5016
5313
5940
5048
5653
5582
5042
5316
5398
5763
5599
5333
5284
5957
5175
5553
5649
5985
5125
5138
5083
5927
5437
5251
5419
5941
5196
5636
5188
5337
5246
5824
5159
5606
5315
5366
5154
5574
5571
5525
5287
5142
5664
5005
5475
5230
5932
5071
5344
5596
5429
5735
5885
5750
5215
5198
5307
5172
5639
5662
5536
5296
5402
5068
5314
5978
5367
5007
5660
5155
5094
5274
5010
5598
5217
5441
5814
5479
5116
5788
5258
5665
5332
5482
5115
5781
5132
5361
5044
5369
5404
5468
5944
5495
5469
5208
5804
5813
5790
5883
5440
5875
5278
5305
5773
5993
5955
5213
5269
5725
5743
5766
5289
5069
5531
5012
5476
5470
5597
5922
5945
5785
5752
5562
5560
5826
5816
5338
5060
5734
5817
5946
5046
5439
5167
5622
5022
5644
5288
5081
5187
5628
5301
5854
5117
5782
5220
5947
5742
5085
5474
5984
5705
5427
5120
5799
5311
5605
5864
5793
5893
5055
5881
5237
5490
5150
5352
5273
5101
5629
5365
5372
5585
5737
5306
5424
5252
5765
5182
5496
5802
5240
5336
5981
5588
5624
5432
5573
5591
5205
5519
5027
5118
5741
5480
5761
5731
5502
5266
5994
5865
5595
5035
5535
5907
5318
5422
5210
5049
5775
5190
5619
5383
5583
5942
5089
5568
5460
5014
5279
5592
5949
5540
5590
5075
5939
5647
5127
5730
5803
5569
5054
5593
5696
5506
5308
5880
5416
5724
5017
5245
5530
5327
5709
5717
5772
5180
5971
5732
5538
5704
5764
5067
5555
5523
5779
5379
5211
5503
5467
5748
5181
5980
5645
5426
5862
5539
5861
5270
5564
5059
5518
5526
5088
5409
5400
5706
5611
5064
5713
5962
5886
5038
5436
5224
5566
5464
5683
5156
5091
5797
5149
5434
5851
5905
5137
5703
5168
5863
5918
5485
5749
5303
5870
5594
5543
5063
5739
5745
5558
5110
5572
5493
5873
5723
5969
5445
5648
5529
5461
5815
5791
5200
5515
5135
5831
5111
5651
5575
5122
5292
5830
5183
5642
5209
5373
5729
5032
5659
5602
5376
5291
5351
5707
5108
5992
5508
5747
5244
5047
5134
5711
5391
5856
5633
5675
5708
5700
5119
5105
5609
5486
5807
5871
5275
5178
5090
5943
5126
5521
5685
5892
5397
5229
5722
5697
5298
5286
5604
5516
5259
5625
5520
5832
5072
5759
5299
5950
5098
5754
5066
5491
5265
5524
5810
5917
5584
5852
5393
5310
5899
5727
5425
5913
5988
5738
5145
5889
5430
5908
5478
5577
5228
5895
5080
5776
5435
5320
5613
5951
5329
5438
5612
5668
5295
5541
5513
5774
5999
5459
5637
5272
5533
5954
5686
5948
5674
5937
5195
5473
5843
5837
5646
5349
5128
5260
5192
5446
5771
5290
5227
5678
5501
5170
5413
5160
5092
5421
5484
5989
5410
5681
5415
6000
5221
5050
5794
5371
5511
5931
5528
5357
5381
5557
5143
5325
5800
5650
5165
5938
5914
5615
5542
5537
5556
5024
5829
5952
5214
5343
5235
5787
5399
5656
5929
5036
5663
5276
5514
5867
5347
5699
5106
5923
5231
5821
5191
5517
5472
5920
5141
5778
5309
5394
5827
5197
5587
5498
5073
5375
5203
5617
5153
5103
5354
5317
5654
5836
5784
5271
5457
5673
5789
5123
5267
5671
5777
5819
5758
5078
5001
5096
5481
5736
5133
5786
5104
5960
5806
5504
5189
5431
5661
5623
5903
5973
5462
5129
5990
5322
5961
5921
5580
5823
5003
5833
5095
5087
5219
5039
5161
5070
5497
5767
5910
5874
5888
5690
5452
5626
5879
5378
5057
5147
5319
5433
5390
5545
5363
5204
5304
5641
5860
5534
5177
5232
5672
5249
5798
5768
5977
5916
5199
5093
5380
5987
5991
5904
5872
5845
5113
5876
5370
5225
5925
5239
5638
5618
5620
5164
5100
5255
5233
5853
5281
5909
5710
5891
5589
5997
5510
5547
5477
5825
5746
5030
5450
5062
5780
5859
5483
5140
5964
5608
5869
5808
5454
5377
5726
5631
5374
5302
5388
5716
5684
5283
5848
5297
5691
5028
5849
5185
5755
5610
5079
5074
5838
5630
5783
5226
5339
5522
5902
5130
5579
5855
5507
5966
5965
5930
5550
5884
5897
5621
5384
5809
5471
5280
5033
5492
5682
5350
5975
5401
5285
5632
5256
5979
5712
5026
5721
5458
5677
5695
5982
5396
5500
5887
5293
5082
5720
5058
5640
5822
5257
5330
5670
5466
5570
5099
5998
5368
5353
5657
5166
5268
5552
5148
5345
5173
5792
5600
5131
5045
5581
5008
5222
5015
5693
5974
5715
5455
5242
5006
5423
5202
5020
5465
5894
5264
5744
5919
5107
5963
5834
5358
5335
5796
5756
5967
5163
5839
5857
5760
5056
5387
5850
5248
5607
5532
5002
5328
5762
5097
5004
5805
5627
5223
5958
5770
5928
5698
5702
5549
5021
5061
5586
5184
5193
5926
5740
5247
5554
5029
5447
5277
5527
5976
5983
5494
5084
5009
5102
5567
5601
5551
5321
5846
5201
5403
5395
5405
5043
5355
5025
5212
5563
5933
5076
5151
5124
5294
5179
5898
5512
5995
5023
5652
5878
5158
5936
5207
5912
5186
5254
5356
5769
5559
5882
5828
5238
5324
5176
