288
178
954
399
561
831
774
975
837
25
633
898
925
965
184
795
860
674
947
477
166
984
296
920
191
679
923
609
385
370
136
151
824
60
976
782
118
142
122
843
604
170
943
7
910
935
854
271
607
360
344
319
961
568
708
135
811
226
922
273
471
321
342
520
861
518
916
15
506
5
729
197
625
593
835
797
278
578
318
343
10
973
428
50
386
13
86
566
243
450
366
761
127
258
91
443
833
626
656
218
145
44
314
986
563
686
272
531
971
812
585
960
874
291
569
123
983
834
966
146
159
128
669
990
34
347
991
786
239
54
149
87
645
717
398
894
510
952
223
158
107
985
817
217
814
574
252
237
198
331
57
601
719
62
359
390
316
137
413
996
365
932
246
785
190
451
495
538
825
303
858
394
742
248
497
202
844
583
871
766
912
755
584
867
877
172
781
900
415
75
758
270
156
768
513
878
269
735
153
760
704
572
469
276
426
51
959
26
437
706
484
147
20
905
193
736
277
176
668
724
409
168
594
117
229
63
90
175
508
564
280
308
855
859
58
179
663
605
521
21
29
183
245
492
823
637
606
801
887
838
576
762
126
847
884
586
18
391
421
475
242
997
253
621
557
46
457
909
778
140
317
872
338
88
763
160
260
42
570
300
238
8
716
219
994
848
165
232
364
592
615
434
640
658
114
636
472
700
691
627
864
150
393
893
577
236
493
262
59
726
526
677
875
152
623
573
813
474
445
292
603
646
289
769
756
695
588
499
205
649
282
267
753
418
780
100
435
711
654
543
487
842
157
209
528
332
885
284
690
707
363
849
32
710
108
384
187
33
356
102
444
279
349
221
555
65
70
828
355
424
322
880
405
666
494
904
616
800
979
312
956
104
388
320
902
305
81
955
684
420
934
571
634
865
853
671
805
265
98
294
610
770
641
325
611
76
203
230
963
624
438
667
553
821
808
972
79
459
617
970
535
27
53
939
529
442
200
389
928
121
810
373
448
23
255
192
449
82
96
631
231
599
713
419
619
83
80
47
154
732
307
992
73
802
335
106
793
264
524
125
906
234
516
915
133
767
953
3
28
696
254
504
687
598
464
856
530
111
683
330
112
414
31
387
410
827
693
275
30
982
78
933
56
164
798
775
204
383
371
206
546
306
266
422
466
461
560
462
589
660
379
247
49
562
635
630
552
881
595
496
224
629
14
771
130
511
692
211
948
772
392
926
556
517
743
739
171
241
549
613
89
929
826
913
40
220
788
431
883
863
698
103
816
652
507
375
403
94
324
803
99
109
311
215
222
281
614
290
550
744
647
951
678
480
336
369
129
268
559
473
357
346
515
395
416
580
547
751
43
352
396
759
738
298
809
350
536
697
622
93
836
436
818
486
244
750
425
339
733
796
72
368
490
757
981
903
670
483
1000
105
551
74
397
207
968
712
48
505
382
868
148
608
455
228
467
1
372
754
705
777
433
378
534
12
709
68
723
776
890
381
143
987
77
283
648
650
938
115
590
323
285
737
345
38
936
92
857
685
995
851
329
196
377
446
327
703
876
791
337
539
233
64
980
688
61
249
41
22
353
642
889
199
664
862
879
250
779
891
407
478
45
488
921
869
169
977
832
362
180
334
730
95
815
333
519
897
476
597
6
998
216
682
24
600
463
901
36
514
845
969
945
714
764
579
310
689
225
964
503
498
447
274
620
672
453
4
287
752
470
326
116
39
850
71
958
481
846
807
581
458
787
144
946
665
978
380
454
189
358
440
351
899
188
784
456
673
55
892
628
439
402
182
9
301
186
124
840
101
749
139
841
304
309
745
11
500
257
261
315
907
213
944
852
537
119
694
725
482
35
748
174
974
162
85
886
822
512
790
502
930
773
792
548
181
525
37
596
731
212
602
432
765
701
208
131
740
533
651
587
374
348
489
406
286
937
820
479
542
491
400
718
522
720
632
210
612
747
715
927
113
806
783
949
240
676
441
173
523
870
501
962
866
194
201
591
177
401
299
460
999
545
69
67
699
794
554
132
967
235
195
263
155
680
17
675
297
882
917
575
185
141
465
302
417
214
931
722
163
914
659
452
167
657
134
799
340
895
918
468
427
681
919
618
66
721
527
789
942
993
429
988
655
404
565
2
662
644
541
509
52
341
376
702
540
259
227
256
328
746
638
412
423
896
839
16
950
989
567
430
741
582
734
97
924
532
661
830
361
908
293
544
819
639
888
411
643
653
251
873
940
829
941
367
138
408
485
911
295
110
727
804
957
161
313
19
84
354
120
558
728
