17570
17485
17994
17926
17529
17025
17718
17219
17515
17146
17611
17492
17547
17328
17539
17998
17581
17658
17922
17195
17495
17330
17095
17985
17595
17247
17053
17764
17254
17550
17630
17442
17157
17022
17772
17801
17413
17057
17059
17283
17123
17345
17991
17589
17339
17425
17742
17806
17383
17538
17795
17997
17127
17904
17303
17903
17193
17137
17496
17639
17715
17580
17346
17686
17760
17681
17959
17050
17073
17802
17111
17069
17218
17388
17087
17184
17815
17837
17641
17700
17747
17415
17731
17912
17501
17312
17419
17270
17884
17079
17112
17152
17914
17175
17427
17355
17766
17849
17899
17872
17453
17384
17661
17966
17282
17961
17820
17844
17354
17807
17244
17842
17636
17274
17600
17678
17223
17879
17074
17238
17122
17729
17605
17955
17007
17633
17606
17060
17599
17183
17569
17893
17159
17102
17399
17932
17323
17683
17973
17749
17406
17360
17363
17369
17874
17913
17249
17208
17253
17880
17970
17931
17527
17506
17951
17327
17775
17753
17604
17640
17055
17334
17857
17403
17846
17475
17987
17301
17280
17507
17732
17048
17854
17724
17788
17918
17590
17566
17216
17461
17144
17160
17626
17052
17310
17421
17645
17794
17689
17304
17378
17843
17632
17883
17865
17719
17212
17012
17958
17643
17365
17443
17637
17504
17919
17593
17054
17063
17824
17779
17061
17947
17620
17351
17780
17194
17437
17039
17255
17671
17361
17269
17828
17236
17933
17268
17621
17677
17712
17666
17694
17404
17549
17818
17579
17261
17608
17046
17548
17281
17769
17448
17514
17908
17278
17493
17646
17981
17460
17433
17440
17776
17179
17292
17577
17708
17005
17783
17825
17669
17928
17704
17021
17867
17927
17623
17484
17962
17892
17956
17551
17895
17307
17616
17907
17868
17523
17291
17474
17624
17864
17391
17696
17103
17106
17526
17545
17863
17819
17262
17108
17023
17227
17990
17882
17197
17615
17556
17647
17093
17149
17418
17263
17642
17953
17422
17811
17582
17417
17832
17543
17271
17155
17366
17537
17042
17287
17164
17173
17225
17823
17080
17414
17187
17251
17243
17618
17714
17763
17014
17372
17878
17395
17337
17488
17314
17541
17320
17735
17276
17799
17352
17234
17750
17910
17229
17592
17607
17342
17916
17245
17656
17141
17377
17584
17741
17479
17205
17684
17407
17306
17915
17070
17555
17432
17293
17477
17875
17370
17740
17967
17013
17993
17558
17848
17667
17948
17602
17394
17343
17273
17796
17445
17259
17336
17019
17631
17315
17295
17830
17199
17033
17940
17850
17727
17411
17420
17603
17340
17298
17131
17272
17181
17804
17140
17066
17402
17075
17165
17109
17321
17084
17499
17814
17509
17335
17685
17026
17552
17665
17949
17252
17357
17924
17076
17982
17001
17450
17256
17289
17917
17297
17487
17371
17367
17803
17831
17996
17906
17672
17559
17478
17598
17810
17375
17380
17132
17145
17668
17398
17169
17836
17126
17869
17124
17777
17963
17785
17736
17134
17540
17855
17510
17655
17118
17296
17950
17156
17701
17497
17471
17845
17944
17158
17692
17634
17143
17224
17862
17709
17576
17502
17494
17353
17154
17348
17934
17113
17089
17228
17125
17574
17326
17347
17423
17752
17765
17952
17170
17793
17313
17166
17945
17698
17441
17385
17467
17787
17171
17688
17757
17083
17439
17856
17805
17350
17767
17163
17452
17100
17977
17612
17739
17930
17058
17653
17017
17071
17008
17468
17702
17180
17984
17587
17876
17505
17028
17210
17568
17774
17525
17105
17726
17725
17942
17049
17431
17062
17191
17010
17508
17409
17135
17817
17790
17744
17260
17786
17518
17938
17781
17161
17759
17563
17397
17644
17571
17072
17051
17168
17546
17196
17894
17553
17300
17482
17416
17512
17462
17583
17011
17189
17816
17891
17911
17318
17009
17890
17782
17233
17319
17734
17203
17459
17746
17032
17198
17513
17797
17562
17536
17133
17231
17309
17172
17239
17936
17929
17664
17711
17031
17609
17697
17517
17381
17983
17965
17491
17434
17852
17896
17472
17286
17841
17533
17483
17396
17909
17130
17470
17511
17240
17178
17755
17211
17308
17456
17027
17738
17455
17866
17117
17037
17153
17129
17521
17705
17202
17920
17730
17463
17617
17676
17881
17316
17954
17476
17429
17625
17138
17554
17861
17659
17822
17324
17925
17086
17900
17809
17528
17572
17778
17812
17358
17695
17015
17670
17401
17092
17754
17481
17751
17322
17826
17040
17635
17693
17979
17773
17097
17116
17648
17077
17743
17065
17762
17851
17980
17362
17349
17458
17230
17364
17627
17248
17029
17610
17114
17045
17594
17853
17333
17498
17978
17748
17182
17217
17784
17575
17405
17190
17392
17469
17266
17972
17331
17768
17209
17081
17489
17186
17486
17870
17901
17237
17988
17663
17524
17585
17937
17859
17428
17707
17047
17902
17258
17473
17041
17652
17446
17150
17887
17535
17408
17573
17410
17359
17104
17121
17250
17638
17691
17435
17393
17267
17207
17213
17613
17386
17136
17003
17344
17651
17800
17733
17284
17098
17457
17921
17716
17242
17215
17520
17675
17833
17424
17043
17206
17897
17567
17204
17756
17682
17531
17660
17789
17214
17148
17761
17299
17968
17119
17673
17544
17317
17265
17898
17565
17578
17338
17329
17006
17722
17889
17885
17174
17222
17838
17151
17770
17629
17018
17939
17721
17044
17167
17873
17056
17091
17839
17943
17690
17821
17905
17946
17128
17368
17275
17999
17720
17728
17860
17886
17500
17532
17941
17650
17454
17986
17294
17935
17067
17246
17465
17995
17177
17464
17847
17960
17285
17451
17221
17516
17975
17200
17035
17449
17834
17379
17588
17564
17036
17226
17020
17813
17792
17871
17706
17115
17503
17235
17835
17976
17220
17679
17176
17038
17649
17232
17185
17142
17596
17002
17557
17436
17680
17162
17241
17597
17305
17561
17971
17332
17542
17264
17400
17657
17619
17622
17311
17522
17438
17466
17877
17101
17085
17974
17444
17969
17662
17829
17426
17614
17717
17628
17096
17791
17586
17277
17737
17090
17088
17094
17201
17325
17703
17356
17192
17373
17534
17030
17957
17923
17992
17798
17447
17687
17120
17034
17530
17480
17490
17713
17257
17082
17147
17723
17279
17808
17560
17376
17430
17387
17078
17068
17745
17064
17771
17016
17290
17004
17654
17989
17412
17519
17840
17024
17188
17288
17710
17591
17302
17964
18000
17139
17699
17107
17374
17110
17099
17382
17389
17888
17858
17827
17758
17341
17674
17390
17601
