14021
14166
14275
14277
14039
14339
14460
14671
14602
14407
14053
14214
14455
14376
14646
14668
14946
14504
14943
14046
14728
14832
14060
14770
14549
14657
14066
14327
14022
14247
14940
14396
14926
14136
14290
14161
14748
14206
14325
14255
14509
14137
14207
14176
14307
14529
14833
14518
14432
14935
14782
14750
14162
14987
14153
14091
14547
14008
14893
14301
14891
14808
14415
14751
14507
14119
14897
14140
14031
14613
14651
14449
14391
14043
14958
14388
14830
14426
14443
14111
14791
14794
14978
14347
14476
14372
14033
14225
14352
14357
14835
14865
14910
14479
14506
14318
14687
14890
14587
14034
14911
14825
14945
14864
14744
14151
14453
14421
14351
14700
14450
14536
14929
14183
14023
14562
14135
14322
14241
14219
14253
14324
14708
14515
14741
14444
14103
14525
14364
14001
14916
14416
14829
14592
14633
14267
14041
14380
14965
14643
14873
14228
14971
14973
14222
14097
14683
14985
14759
14933
14336
14429
14159
14923
14932
14492
14204
14175
14306
14473
14938
14849
14240
14282
14244
14705
14842
14406
14660
14493
14991
14698
14502
14374
14838
14564
14064
14568
14563
14930
14522
14015
14009
14036
14948
14490
14010
14089
14570
14017
14462
14986
14524
14903
14765
14356
14845
14237
14848
14448
14514
14259
14538
14528
14397
14681
14661
14880
14977
14775
14503
14516
14146
14925
14966
14483
14297
14178
14156
14252
14090
14054
14980
14249
14436
14505
14221
14611
14079
14081
14517
14016
14963
14164
14029
14804
14055
14132
14654
14631
14899
14294
14045
14510
14548
14484
14565
14475
14254
14512
14200
14439
14256
14120
14093
14535
14345
14967
14485
14679
14541
14815
14508
14112
14278
14727
14105
14793
14827
14121
14559
14854
14802
14442
14160
14972
14128
14738
14239
14655
14567
14733
14787
14038
14419
14964
14185
14594
14931
14142
14630
14274
14961
14887
14577
14020
14052
14850
14881
14605
14836
14413
14371
14769
14480
14398
14898
14556
14995
14150
14715
14713
14403
14724
14581
14288
14974
14431
14373
14579
14179
14920
14080
14056
14478
14320
14749
14992
14246
14258
14235
14783
14811
14982
14821
14188
14446
14699
14109
14018
14335
14656
14620
14006
14471
14378
14642
14941
14831
14573
14580
14918
14302
14405
14032
14190
14726
14861
14637
14917
14745
14025
14180
14598
14157
14857
14768
14792
14486
14395
14582
14262
14127
14152
14586
14447
14818
14867
14227
14739
14624
14885
14786
14901
14934
14604
14145
14410
14860
14670
14229
14919
14704
14877
14819
14543
14326
14558
14346
14438
14085
14806
14876
14002
14106
14430
14707
14720
14331
14201
14308
14595
14310
14122
14569
14143
14203
14264
14994
14703
14194
14716
14400
14533
14824
14381
14628
14197
14869
14171
14659
14496
14610
14526
14695
14544
14837
14139
14291
14694
14902
14311
14601
14005
14169
14084
14753
14734
14420
14086
14477
14217
14088
14051
14801
14622
14095
14399
14658
14220
14619
14669
14058
14810
14062
14736
14281
14078
14212
14912
14342
14697
14924
14878
14487
14287
14392
14069
14616
14863
14205
14607
14461
14404
14758
14576
14068
14664
14754
14360
14820
14348
14465
14846
14215
14928
14767
14272
14959
14196
14440
14379
14710
14755
14167
14285
14662
14566
14495
14466
14155
14990
14353
14231
14626
14649
14134
14458
14300
14026
14777
14313
14939
14340
14889
14292
14839
14788
14059
14464
14976
14870
14527
14553
14597
14840
14975
14625
14550
14047
14362
14411
14742
14774
14341
14921
14138
14154
14583
14098
14696
14711
14593
14375
14531
14615
14208
14685
14956
14665
14807
14957
14182
14216
14423
14575
14519
14224
14691
14409
14639
14316
14960
14648
14293
14537
14195
14319
14445
14417
14337
14251
14858
14906
14743
14384
14273
14367
14560
14866
14606
14368
14578
14355
14422
14766
14250
14996
14847
14437
14572
14269
14983
14452
14757
14998
14390
14497
14037
14242
14714
14874
14511
14653
14209
14618
14709
14717
14909
14852
14382
14689
14199
14731
14545
14841
14596
14888
14647
14740
14600
14532
14636
14074
14358
14894
14149
14494
14329
14675
14614
14979
14781
14719
14354
14693
14862
14270
14812
14599
14303
14284
14617
14296
14289
14230
14418
14083
14895
14315
14641
14082
14701
14126
14469
14144
14428
14520
14908
14879
14467
14798
14773
14317
14433
14248
14218
14192
14968
14271
14969
14117
14070
14534
14163
14028
14747
14915
14730
14608
14785
14189
14113
14234
14114
14944
14635
14666
14363
14554
14856
14756
14491
14309
14712
14591
14999
14424
14299
14962
14130
14927
14123
14778
14257
14789
14359
14261
14226
14644
14721
14177
14202
14104
14882
14588
14663
14684
14886
14370
14330
14260
14828
14922
14936
14141
14350
14853
14276
14949
14735
14193
14102
14133
14834
14365
14843
14238
14125
14174
14027
14826
14690
14784
14454
14482
14871
14590
14312
14551
14061
14634
14629
14245
14386
14540
14385
14729
14263
14674
14268
14072
14343
14805
14746
14603
14172
14638
14014
14521
14555
14065
14799
14955
14412
14393
14732
14394
14702
14463
14349
14243
14970
14076
14115
14645
14723
14790
14950
14057
14612
14383
14513
14298
14752
14844
14809
14198
14474
14402
14623
14332
14049
14584
14682
14414
14988
14110
14012
14667
14013
14094
14096
14779
14295
14328
14184
14561
14942
14377
14914
14609
14672
14718
14488
14077
14489
14796
14574
14030
14688
14627
14907
14165
14366
14872
14004
14147
14003
14389
14905
14279
14323
14451
14780
14035
14007
14722
14108
14997
14896
14760
14621
14855
14737
14040
14499
14500
14989
14589
14954
14286
14813
14953
14011
14673
14223
14692
14191
14680
14425
14981
14042
14530
14107
14170
15000
14859
14116
14472
14725
14795
14816
14211
14762
14213
14019
14168
14118
14305
14087
14772
14650
14523
14283
14441
14186
14546
14937
14304
14814
14427
14822
14401
14024
14435
14498
14952
14101
14571
14071
14470
14334
14904
14686
14129
14092
14099
14552
14771
14063
14457
14892
14124
14233
14803
14073
14763
14344
14884
14678
14539
14823
14797
14456
14706
14131
14333
14187
14321
14210
14158
14557
14434
14764
14951
14100
14338
14817
14585
14652
14148
14947
14387
14048
14468
14913
14632
14883
14993
14481
14640
14044
14266
14851
14067
14984
14408
14542
14875
14050
14369
14173
14232
14075
14459
14265
14761
14900
14868
14314
14800
14776
14236
14676
14501
14361
14280
14677
14181
